par-text-frame-format
point-type index frequency amplitude
partials-count 56
frame-count 237
frame-data
0.012494 9 8 173.152542 0.001208 7 310.311340 0.010413 6 464.024231 0.001848 5 581.104309 0.004331 4 660.387756 0.003785 3 834.499451 0.001204 2 1001.736755 0.003644 1 1314.599121 0.004769 0 5649.255859 0.001583
0.022494 9 8 173.865509 0.006356 7 317.237274 0.039354 6 465.332550 0.002922 5 591.144043 0.011456 4 664.052124 0.012366 3 834.708740 0.003138 2 995.851501 0.012928 1 1318.587769 0.017802 0 5649.840332 0.006333
0.032494 36 8 174.578476 0.011503 7 320.476166 0.087648 6 466.640900 0.003995 5 599.647705 0.019674 4 664.621094 0.026732 3 834.646423 0.005304 2 993.612793 0.028600 1 1320.856567 0.041235 35 1665.222168 0.007582 34 1989.973022 0.004290 33 2641.825684 0.003834 32 2985.639160 0.003176 31 3312.171875 0.011664 30 3975.204102 0.006838 29 4300.743164 0.003887 28 4972.812988 0.003615 27 5317.810547 0.007077 0 5649.655762 0.014794 26 5990.514648 0.002631 25 6322.668945 0.003018 24 6968.604980 0.001578 23 7000.217773 0.001592 22 7287.839844 0.002602 21 7597.040527 0.002758 20 7667.370117 0.005141 19 8005.762695 0.005517 18 8355.019531 0.003391 17 8697.844727 0.004823 16 9049.877930 0.005650 15 9286.482422 0.006659 14 11466.480469 0.002085 13 13574.178711 0.002806 12 15018.599609 0.002106 11 16472.111328 0.001823 10 17574.332031 0.002041 9 17950.441406 0.002271
0.042494 45 8 171.888687 0.017095 44 257.984772 0.032829 7 322.312134 0.142239 6 467.949219 0.005069 5 606.355896 0.026022 4 663.897400 0.044714 3 834.203125 0.006803 2 992.945801 0.047910 1 1322.066895 0.071474 35 1659.364014 0.013484 34 1987.337769 0.008258 33 2644.862061 0.006840 43 2947.216553 0.001859 32 2987.110840 0.006214 31 3312.341797 0.021229 42 3633.230713 0.002176 30 3976.654053 0.011532 29 4306.107422 0.006606 28 4973.881348 0.006306 27 5316.573242 0.011472 0 5649.327637 0.025156 26 5990.072266 0.004268 25 6322.964355 0.004587 24 6959.987793 0.002442 23 7000.116699 0.002217 22 7287.820312 0.003819 21 7601.483398 0.003550 20 7671.118652 0.007856 19 7997.988770 0.006280 18 8354.862305 0.005838 17 8697.808594 0.007920 16 9047.014648 0.009441 15 9288.700195 0.011075 41 9375.964844 0.001363 40 10065.017578 0.002544 39 10424.250000 0.002428 14 11464.798828 0.003093 38 12867.394531 0.003032 37 13215.457031 0.001957 13 13575.010742 0.004486 36 14646.663086 0.002744 12 15016.787109 0.003343 11 16471.630859 0.002832 10 17575.003906 0.003158 9 17949.443359 0.003512
0.052494 47 8 166.512238 0.022009 44 257.266296 0.034076 7 324.186890 0.186969 6 467.758972 0.005706 5 611.371704 0.028536 4 662.987244 0.063356 3 833.631775 0.007066 2 992.672974 0.067339 1 1322.709961 0.103148 35 1656.442993 0.020033 34 1986.539551 0.012802 33 2646.233643 0.010128 43 2950.603760 0.002297 32 2986.476562 0.010165 31 3312.411621 0.031388 42 3634.909668 0.002998 30 3977.229004 0.016117 29 4309.501953 0.009347 28 4975.552734 0.009304 27 5316.124023 0.015334 0 5649.202148 0.034948 26 5988.750000 0.005874 25 6318.402344 0.005348 24 6956.611328 0.003372 23 7000.925293 0.002607 22 7288.063477 0.004628 46 7333.251465 0.001255 21 7607.424805 0.004005 20 7674.535645 0.010001 19 7976.574219 0.005077 18 8353.944336 0.008396 17 8697.193359 0.010751 16 9044.649414 0.012934 15 9289.700195 0.015000 41 9374.434570 0.001546 40 10066.874023 0.003327 39 10423.893555 0.003541 45 11118.345703 0.001147 14 11463.496094 0.003805 38 12868.453125 0.003958 37 13214.546875 0.002447 13 13574.924805 0.005753 36 14649.278320 0.003804 12 15015.036133 0.004394 11 16471.048828 0.003710 10 17575.107422 0.003992 9 17948.572266 0.004437
0.062494 51 8 163.222778 0.023584 44 256.811829 0.028076 7 326.704468 0.202700 6 463.115051 0.005043 5 615.156433 0.026256 4 662.305115 0.078933 3 833.541687 0.005854 2 992.506897 0.082617 1 1323.106812 0.129142 35 1654.685303 0.025988 34 1985.975220 0.016919 33 2647.103027 0.013074 43 2951.423584 0.002704 32 2985.563721 0.014644 31 3312.299316 0.039534 42 3637.498535 0.003854 30 3977.487793 0.019415 29 4311.375488 0.011317 50 4659.482910 0.002556 28 4977.155762 0.012152 27 5316.024902 0.017411 49 5601.761719 0.002673 0 5649.349121 0.041053 26 5987.188965 0.007170 25 6295.879883 0.004054 48 6324.794922 0.006508 47 6630.336914 0.001332 24 6955.502930 0.004087 23 7001.556152 0.002670 22 7288.208008 0.004722 46 7339.843750 0.001619 21 7614.080566 0.004310 20 7677.208008 0.010929 19 7957.281250 0.004380 18 8352.778320 0.010535 17 8696.461914 0.012507 16 9042.369141 0.015089 15 9289.990234 0.017034 41 9354.686523 0.001185 40 10067.687500 0.003620 39 10422.836914 0.004460 45 11116.456055 0.001391 14 11462.304688 0.003944 38 12869.234375 0.004273 37 13213.494141 0.002602 13 13574.016602 0.005967 36 14650.717773 0.004442 12 15013.314453 0.004916 11 16470.119141 0.004237 10 17574.792969 0.004212 9 17947.376953 0.004663
0.072494 51 8 161.615585 0.020176 44 256.012512 0.019099 7 330.051025 0.183399 6 459.200806 0.004994 5 617.696289 0.019942 4 661.976196 0.086324 3 834.173767 0.004024 2 992.391846 0.089134 1 1323.270874 0.140295 35 1654.091309 0.029196 34 1985.618286 0.019026 33 2647.560303 0.015077 43 2952.243408 0.003111 32 2984.819092 0.018805 31 3312.079102 0.042186 42 3640.960205 0.004905 30 3977.440674 0.020121 29 4312.225098 0.011600 50 4655.374023 0.001779 28 4978.064453 0.014009 27 5316.072754 0.016594 49 5601.092773 0.002034 0 5649.767090 0.040153 26 5985.591797 0.008082 25 6296.814453 0.003897 48 6324.134766 0.006642 47 6627.968750 0.001340 24 6955.189453 0.004234 23 7001.927734 0.002576 22 7287.739746 0.004084 46 7339.314941 0.002103 21 7620.352539 0.004554 20 7678.637695 0.010389 19 7957.141602 0.003055 18 8351.595703 0.011614 17 8695.525391 0.012331 16 9040.209961 0.014905 15 9289.882812 0.015838 41 9355.666992 0.001087 40 10067.342773 0.003139 39 10420.542969 0.004928 45 11112.362305 0.001789 14 11461.038086 0.003387 38 12869.649414 0.003709 37 13212.008789 0.002494 13 13571.067383 0.004739 36 14650.521484 0.004123 12 15011.381836 0.004652 11 16468.369141 0.004264 10 17573.921875 0.003673 9 17946.009766 0.004074
0.082494 51 8 160.289429 0.015801 44 254.797760 0.012617 7 332.229797 0.166186 6 457.465668 0.004493 5 619.017700 0.013383 4 661.795471 0.088491 3 834.846680 0.002676 2 992.292358 0.091110 1 1323.302856 0.143019 35 1653.902588 0.030689 34 1985.333740 0.019820 33 2647.765625 0.016527 43 2953.063232 0.003518 32 2984.248047 0.022161 31 3311.840332 0.041985 42 3643.177246 0.005823 30 3977.175781 0.019461 29 4312.541016 0.011192 50 4652.327637 0.001373 28 4978.318359 0.014912 27 5316.205078 0.014638 49 5600.784180 0.001861 0 5650.180176 0.036466 26 5984.608398 0.008828 25 6311.928711 0.005603 48 6323.269531 0.006589 47 6625.807129 0.001250 24 6954.978027 0.004086 23 7001.598633 0.002630 22 7286.336914 0.003330 46 7337.157227 0.002682 21 7620.065918 0.003831 20 7678.745117 0.009600 19 7958.135742 0.002127 18 8350.714844 0.011932 17 8694.424805 0.011151 16 9038.506836 0.013568 15 9289.686523 0.013408 41 9369.291992 0.001573 40 10064.348633 0.002448 39 10417.312500 0.005307 45 11109.291992 0.002308 14 11459.801758 0.002689 38 12869.412109 0.002919 37 13210.311523 0.002463 13 13566.535156 0.003510 36 14648.985352 0.003405 12 15009.400391 0.004129 11 16466.015625 0.004115 10 17572.478516 0.002985 9 17944.794922 0.003346
0.092494 51 8 158.748749 0.011895 44 253.235580 0.008571 7 333.025085 0.158508 6 458.216309 0.003501 5 618.708435 0.007810 4 661.685547 0.087199 3 834.309021 0.001809 2 992.206665 0.090406 1 1323.247681 0.140778 35 1653.904663 0.031249 34 1985.067993 0.019756 33 2647.788818 0.017515 43 2954.808350 0.003979 32 2983.701172 0.024574 31 3311.594727 0.040370 42 3644.470947 0.006403 30 3976.771240 0.017972 29 4312.366211 0.010607 50 4649.331543 0.001259 28 4978.047852 0.015042 27 5316.477539 0.012257 49 5600.744141 0.001943 0 5650.346191 0.031856 26 5984.333008 0.009430 25 6321.300781 0.006706 48 6322.337402 0.006474 47 6624.620117 0.001150 24 6954.528320 0.003778 23 7000.089844 0.002880 22 7284.441895 0.002685 46 7334.773438 0.003395 21 7617.328613 0.002768 20 7677.571777 0.009205 19 7959.694336 0.001566 18 8350.086914 0.011597 17 8693.464844 0.009302 16 9037.483398 0.011577 15 9289.515625 0.010538 41 9376.593750 0.001998 40 10060.832031 0.001965 39 10414.217773 0.005634 45 11107.193359 0.002802 14 11458.707031 0.002066 38 12868.064453 0.002169 37 13208.708984 0.002510 13 13562.421875 0.002654 36 14646.808594 0.002657 12 15007.539062 0.003536 11 16463.570312 0.003862 10 17570.583984 0.002325 9 17943.646484 0.002639
0.102494 52 8 156.812592 0.009181 44 251.409271 0.006268 7 332.536743 0.163187 6 460.542236 0.002232 5 616.267517 0.003931 4 661.588684 0.083950 3 832.250793 0.001346 2 992.127075 0.088334 1 1323.144897 0.136107 35 1653.937378 0.031423 34 1984.782471 0.019183 51 2314.660645 0.002273 33 2647.701172 0.018109 43 2956.407715 0.004269 32 2983.096191 0.025911 31 3311.332764 0.038340 42 3645.125488 0.006581 30 3976.330078 0.016061 29 4311.782715 0.010179 50 4646.235840 0.001328 28 4977.437012 0.014595 27 5316.797852 0.009989 49 5600.873047 0.002078 0 5650.115234 0.027513 26 5984.519531 0.009947 25 6315.496094 0.005723 48 6321.404785 0.006360 47 6624.794922 0.001076 24 6953.727051 0.003412 23 6997.494141 0.003351 22 7282.859863 0.002246 46 7332.872559 0.004158 21 7614.710938 0.001835 20 7675.450684 0.009603 19 7969.761719 0.002052 18 8349.451172 0.010761 17 8693.317383 0.007079 16 9037.085938 0.009437 15 9289.477539 0.007751 41 9374.339844 0.002122 40 10058.459961 0.001841 39 10411.848633 0.005863 45 11105.710938 0.003175 14 11457.625000 0.001655 38 12865.187500 0.001645 37 13207.420898 0.002581 13 13559.796875 0.002258 36 14644.777344 0.002091 12 15005.727539 0.003014 11 16461.466797 0.003537 10 17568.470703 0.001787 9 17942.322266 0.002040
0.112494 52 8 154.611420 0.007690 44 249.412552 0.004394 7 331.179474 0.178513 6 462.252136 0.001142 5 611.133362 0.001944 4 661.466125 0.080010 3 829.286438 0.001121 2 992.040283 0.085691 1 1323.029297 0.130674 35 1653.892456 0.031537 34 1984.452759 0.018345 51 2314.697266 0.002595 33 2647.574219 0.018355 43 2954.897949 0.003898 32 2982.417236 0.026052 31 3311.025391 0.036481 42 3645.390137 0.006429 30 3975.979004 0.014022 29 4310.912598 0.010071 50 4643.720703 0.001443 28 4976.723633 0.013786 27 5316.930176 0.008208 49 5601.070801 0.002078 0 5649.434082 0.023981 26 5984.586914 0.010471 25 6295.224121 0.002143 48 6320.471680 0.006246 47 6626.386719 0.001020 24 6952.680664 0.003060 23 6994.466797 0.004032 22 7282.746094 0.001986 46 7331.495605 0.004775 21 7613.309570 0.001351 20 7672.996582 0.010953 19 8004.096680 0.004914 18 8348.349609 0.009619 17 8695.001953 0.004746 16 9036.989258 0.007666 15 9289.675781 0.005310 41 9374.366211 0.002094 40 10058.449219 0.001970 39 10410.328125 0.005867 45 11104.195312 0.003381 14 11456.199219 0.001514 38 12860.417969 0.001459 37 13206.582031 0.002563 13 13558.830078 0.002129 36 14643.748047 0.001770 12 15003.660156 0.002663 11 16460.054688 0.003132 10 17566.486328 0.001386 9 17940.437500 0.001566
0.122494 52 8 154.112991 0.006753 44 246.053421 0.003300 7 330.628845 0.191692 6 439.082275 0.001118 5 606.468201 0.001309 4 661.389648 0.076197 3 829.286438 0.000221 2 991.934448 0.082746 1 1322.890137 0.124943 35 1653.804810 0.031441 34 1984.101562 0.017297 51 2314.848877 0.003020 33 2647.305664 0.018343 43 2953.388184 0.003527 32 2981.968750 0.024436 31 3310.647949 0.034764 42 3644.966309 0.006077 30 3975.809814 0.012193 29 4309.986816 0.010256 50 4642.492188 0.001456 28 4976.216797 0.012759 27 5316.080566 0.007433 49 5602.779297 0.002099 0 5648.895020 0.021230 26 5983.956055 0.011010 25 6271.625977 0.001607 48 6319.392090 0.006132 47 6637.470703 0.001193 24 6951.468262 0.002781 23 6992.832520 0.004763 22 7284.181152 0.001904 46 7330.185547 0.005021 21 7613.234863 0.001261 20 7670.729492 0.012777 19 8000.688477 0.004254 18 8346.414062 0.008549 17 8697.488281 0.003388 16 9036.430664 0.006836 15 9290.689453 0.003436 41 9374.611328 0.001911 40 10059.352539 0.002246 39 10409.164062 0.005665 45 11102.813477 0.003312 14 11454.522461 0.001579 38 12856.056641 0.001695 37 13205.946289 0.002354 13 13558.780273 0.002187 36 14642.767578 0.001675 12 15001.265625 0.002604 11 16459.078125 0.002699 10 17564.998047 0.001187 9 17938.589844 0.001288
0.132494 51 8 155.083298 0.006058 44 243.786819 0.002922 7 330.489105 0.197102 6 433.408051 0.000440 5 605.325684 0.000457 4 661.372192 0.072743 2 991.836487 0.079773 1 1322.739990 0.119189 35 1653.692871 0.031116 34 1983.825562 0.016122 51 2314.839600 0.003474 33 2646.908447 0.018258 43 2952.679688 0.003218 32 2981.600586 0.021747 31 3310.309082 0.032947 42 3644.299316 0.005766 30 3975.738525 0.010681 29 4309.161133 0.010515 50 4641.360840 0.001438 28 4975.786621 0.011802 27 5314.534668 0.007455 49 5602.633301 0.001958 0 5648.744141 0.019004 26 5983.018555 0.011457 25 6266.019043 0.001291 48 6318.499023 0.006170 47 6648.555176 0.001366 24 6950.605469 0.002535 23 6991.813965 0.005366 22 7284.708984 0.001873 46 7329.068359 0.005059 21 7613.726074 0.001269 20 7668.703613 0.014422 19 7999.128906 0.004275 18 8344.404297 0.007581 17 8697.029297 0.002770 16 9035.313477 0.006532 15 9293.085938 0.002128 41 9373.973633 0.001675 40 10059.208984 0.002464 39 10408.074219 0.005387 45 11101.488281 0.003090 14 11453.099609 0.001619 38 12854.127930 0.001925 37 13205.117188 0.002026 13 13558.774414 0.002252 36 14641.139648 0.001667 12 14999.224609 0.002614 11 16457.498047 0.002332 10 17563.345703 0.001101 9 17936.642578 0.001115
0.142494 49 8 156.762299 0.005746 44 242.917313 0.002950 7 330.494690 0.196330 4 661.389465 0.069610 2 991.759949 0.076873 1 1322.585205 0.113527 35 1653.566406 0.030587 34 1983.643555 0.014813 51 2314.724609 0.003937 33 2646.440674 0.018118 43 2952.374512 0.002994 32 2981.208008 0.018297 31 3309.998535 0.030972 42 3643.569824 0.005521 30 3975.641602 0.009492 29 4308.419434 0.010749 50 4640.191406 0.001424 28 4975.161133 0.011028 27 5312.866699 0.008030 49 5611.023926 0.002276 0 5648.504395 0.017549 26 5981.996094 0.011728 25 6276.208008 0.001581 48 6318.167480 0.006201 47 6653.295898 0.001628 24 6949.944336 0.002298 23 6991.023926 0.005804 22 7284.410156 0.001848 46 7328.183105 0.005006 21 7614.675781 0.001342 20 7667.072754 0.015713 19 7999.306152 0.004777 18 8342.509766 0.006601 17 8692.101562 0.003002 16 9033.721680 0.006524 15 9290.817383 0.001568 41 9372.593750 0.001421 40 10058.611328 0.002589 39 10407.027344 0.005066 45 11100.210938 0.002780 14 11451.171875 0.001619 38 12853.206055 0.002097 37 13203.570312 0.001625 13 13558.656250 0.002262 36 14639.299805 0.001680 12 14997.445312 0.002591 11 16455.330078 0.002047 10 17561.189453 0.001054 9 17935.664062 0.000623
0.152494 48 8 158.393753 0.005858 44 243.039948 0.003130 7 330.498840 0.190953 4 661.419434 0.066785 2 991.695862 0.074089 1 1322.428223 0.108019 35 1653.434204 0.029896 34 1983.543213 0.013392 51 2314.574951 0.004409 33 2645.946045 0.017943 43 2952.209473 0.002834 32 2980.790039 0.014352 31 3309.679443 0.028855 42 3642.860352 0.005322 30 3975.391846 0.008606 29 4307.734375 0.010864 50 4639.136719 0.001431 28 4974.147949 0.010447 27 5311.395020 0.008909 49 5618.691895 0.002606 0 5647.777832 0.017020 26 5981.071777 0.011764 25 6291.290527 0.002227 48 6318.148438 0.006150 47 6651.940430 0.001931 24 6949.499512 0.002058 23 6990.188477 0.006074 22 7283.709473 0.001807 46 7327.462402 0.004955 21 7615.714844 0.001466 20 7665.915527 0.016545 19 8000.587402 0.005598 18 8340.819336 0.005543 17 8685.675781 0.003883 16 9031.805664 0.006667 15 9283.547852 0.001560 41 9371.235352 0.000978 40 10057.959961 0.002595 39 10406.044922 0.004720 45 11099.021484 0.002432 14 11448.610352 0.001599 38 12852.324219 0.002188 37 13201.943359 0.001036 13 13558.255859 0.002175 36 14637.392578 0.001654 12 14995.844727 0.002487 11 16452.917969 0.001823 10 17559.257812 0.000812
0.162494 45 8 159.222565 0.006345 44 243.081818 0.003262 7 330.464569 0.182585 4 661.442261 0.064272 2 991.613953 0.071408 1 1322.268433 0.102677 35 1653.303833 0.029104 34 1983.482178 0.011907 51 2314.476562 0.004898 33 2645.458008 0.017765 43 2952.044434 0.002675 32 2980.417969 0.010142 31 3309.289062 0.026677 42 3642.163818 0.005095 30 3974.861084 0.007983 29 4307.069336 0.010774 50 4638.618164 0.001460 28 4972.635254 0.009972 27 5310.198242 0.009838 49 5598.473145 0.001529 0 5646.246582 0.017475 26 5980.394531 0.011525 25 6292.435059 0.002399 48 6317.617676 0.005990 47 6650.888672 0.002102 24 6949.430664 0.001815 23 6989.142578 0.006203 22 7283.351562 0.001759 46 7326.742676 0.004965 21 7616.227539 0.001635 20 7665.235840 0.016878 19 8001.841797 0.006598 18 8339.331055 0.004385 17 8684.875000 0.004910 16 9029.780273 0.006891 15 9276.342773 0.001558 40 10057.471680 0.002461 39 10405.194336 0.004359 45 11098.005859 0.002081 14 11445.886719 0.001607 38 12850.939453 0.002195 13 13557.390625 0.001964 36 14635.291992 0.001537 12 14994.343750 0.002298 11 16450.910156 0.001609
0.172494 45 8 159.268616 0.007082 44 242.859070 0.003102 7 330.426086 0.171730 4 661.465210 0.062065 2 991.469788 0.068754 1 1322.124390 0.097442 35 1653.159668 0.028274 34 1983.381592 0.010480 51 2314.262695 0.005404 33 2645.042969 0.017623 43 2951.879395 0.002515 32 2976.609863 0.006243 31 3308.824951 0.024599 42 3641.457031 0.004671 30 3974.099854 0.007594 29 4306.567383 0.010295 50 4638.734863 0.001483 28 4971.219727 0.009081 27 5309.071777 0.010719 49 5598.677246 0.001384 0 5644.541992 0.018607 26 5980.038574 0.010961 25 6311.358887 0.005084 48 6317.617676 0.001170 47 6650.089355 0.002136 24 6949.543457 0.001609 23 6988.176270 0.006209 22 7283.167480 0.001645 46 7326.164062 0.004853 21 7616.203125 0.001773 20 7664.796875 0.016731 19 8002.219238 0.007385 18 8337.920898 0.003235 17 8684.154297 0.005686 16 9027.705078 0.007215 15 9278.589844 0.002447 40 10056.559570 0.002146 39 10404.500977 0.003999 45 11097.560547 0.001757 14 11444.216797 0.001628 38 12849.067383 0.002128 13 13555.710938 0.001648 36 14632.560547 0.001354 12 14993.021484 0.002081 11 16449.226562 0.001366
0.182494 44 8 159.289749 0.007714 44 242.844528 0.002809 7 330.390533 0.159671 4 661.473633 0.060000 2 991.322205 0.066134 1 1322.004395 0.092290 35 1652.990356 0.027463 34 1983.254639 0.009127 51 2313.902344 0.005877 33 2644.744629 0.017454 43 2962.946777 0.003408 32 2985.365234 0.004106 31 3308.415283 0.022600 42 3641.061768 0.004052 30 3973.457520 0.007253 29 4306.401855 0.009544 50 4638.809082 0.001470 28 4971.238281 0.007528 27 5308.237793 0.011538 49 5598.422363 0.001305 0 5643.648926 0.019283 26 5979.619141 0.010268 25 6315.533203 0.005408 47 6649.638184 0.002111 24 6949.951660 0.001472 23 6987.313965 0.006142 22 7282.344727 0.001538 46 7325.751953 0.004497 21 7615.065430 0.001818 20 7664.234375 0.016336 19 8002.270020 0.007869 18 8336.372070 0.002337 17 8683.286133 0.006331 16 9025.907227 0.007452 15 9278.726562 0.003181 40 10055.355469 0.001813 39 10403.620117 0.003675 45 11097.235352 0.001486 14 11442.919922 0.001626 38 12847.372070 0.002025 13 13553.778320 0.001329 36 14630.000000 0.001183 12 14991.784180 0.001872 11 16447.275391 0.001160
0.192494 44 8 159.553986 0.008050 44 242.772400 0.002508 7 330.353729 0.146867 4 661.459045 0.058082 2 991.190552 0.063570 1 1321.901733 0.087263 35 1652.791504 0.026688 34 1983.154785 0.007827 51 2313.503418 0.006285 33 2644.539307 0.017214 43 2966.630371 0.003650 32 2989.961182 0.003513 31 3308.098145 0.020645 42 3641.516846 0.003290 30 3973.032959 0.006890 29 4306.539062 0.008653 50 4638.553711 0.001418 28 4972.708984 0.005801 27 5307.674316 0.012299 49 5605.651367 0.001332 0 5643.188965 0.019512 26 5979.063965 0.009495 25 6315.040527 0.004953 47 6649.323242 0.002061 24 6950.169922 0.001385 23 6986.562988 0.006005 22 7281.375977 0.001476 46 7325.246094 0.003974 21 7613.580078 0.001787 20 7663.519043 0.015730 19 8002.012695 0.008045 18 8335.151367 0.001799 17 8682.210938 0.006804 16 9024.521484 0.007524 15 9278.077148 0.003686 40 10054.365234 0.001532 39 10402.471680 0.003406 45 11096.611328 0.001291 14 11441.989258 0.001588 38 12846.110352 0.001891 13 13552.787109 0.000696 36 14628.766602 0.000653 12 14990.616211 0.001680 11 16446.271484 0.000632
0.202494 41 8 160.176208 0.008020 44 242.632050 0.002272 7 330.319244 0.133680 4 661.424988 0.056340 2 991.069336 0.061063 1 1321.810303 0.082364 35 1652.575073 0.025944 34 1983.137085 0.006564 51 2313.125244 0.006614 33 2644.380615 0.016880 43 2959.674561 0.002935 32 2985.788818 0.004431 31 3307.868408 0.018709 42 3642.986084 0.002517 30 3972.857666 0.006471 29 4306.803223 0.007762 50 4637.948242 0.001338 28 4974.463379 0.004320 27 5307.255859 0.013022 49 5613.348145 0.001383 0 5642.773438 0.019483 26 5978.370117 0.008667 25 6314.431641 0.004523 47 6648.975586 0.002004 24 6950.087402 0.001330 23 6985.956055 0.005808 22 7280.406250 0.001472 46 7324.531250 0.003404 21 7612.528320 0.001690 20 7662.705078 0.014946 19 8001.445801 0.007936 18 8334.565430 0.001648 17 8681.023438 0.007082 16 9023.576172 0.007408 15 9277.306641 0.003948 40 10053.967773 0.001331 39 10401.158203 0.003197 45 11095.528320 0.001184 14 11441.416992 0.001507 38 12845.392578 0.001734 12 14989.500000 0.001516
0.212494 41 8 161.126526 0.007664 44 242.647324 0.002124 7 330.297943 0.120403 4 661.386719 0.054815 2 990.930176 0.058592 1 1321.724487 0.077556 35 1652.368774 0.025213 34 1983.258789 0.005336 51 2312.783936 0.006860 33 2644.199463 0.016445 43 2952.777588 0.002226 32 2979.272217 0.006947 31 3307.678223 0.016781 42 3645.259277 0.001935 30 3972.899902 0.005994 29 4306.880859 0.007016 50 4637.218262 0.001253 28 4974.179688 0.003446 27 5306.761230 0.013744 49 5601.265625 0.001271 0 5642.001953 0.019548 26 5977.597656 0.007786 25 6313.331055 0.004225 47 6648.458984 0.001937 24 6949.925293 0.001286 23 6985.548340 0.005569 22 7279.269531 0.001512 46 7323.628418 0.002946 21 7612.696777 0.001539 20 7661.924316 0.014019 19 8000.557129 0.007599 18 8334.765625 0.001832 17 8679.966797 0.007159 16 9023.000977 0.007133 15 9276.498047 0.004009 40 10054.418945 0.001199 39 10399.951172 0.003043 45 11094.058594 0.001170 14 11441.180664 0.001388 38 12845.188477 0.001563 12 14988.416992 0.001392
0.222494 41 8 161.964401 0.007302 44 243.308853 0.002025 7 330.324921 0.107304 4 661.362000 0.053555 2 990.737488 0.056163 1 1321.636108 0.072673 35 1652.269165 0.024424 34 1983.661743 0.004206 51 2312.434570 0.007033 33 2643.940186 0.015908 43 2952.293945 0.002091 32 2979.776855 0.008770 31 3307.392334 0.014904 42 3645.299561 0.001846 30 3972.992188 0.005546 29 4306.245117 0.006564 50 4636.678711 0.001169 28 4963.776855 0.003503 27 5306.067383 0.014412 49 5598.033203 0.001109 0 5640.808105 0.019846 26 5976.631348 0.006904 25 6312.614746 0.004030 47 6647.634277 0.001823 24 6948.958984 0.001157 23 6985.477539 0.005265 22 7278.370605 0.001484 46 7323.028320 0.002704 21 7612.894531 0.001347 20 7661.429199 0.012921 19 7999.491699 0.007120 18 8335.607422 0.002222 17 8679.613281 0.006986 16 9022.717773 0.006676 15 9275.508789 0.003922 40 10055.287109 0.001097 39 10399.077148 0.002952 45 11092.489258 0.001247 14 11440.832031 0.001268 38 12845.088867 0.001388 12 14987.365234 0.001323
0.232494 41 8 162.353775 0.007175 44 243.537659 0.001912 7 330.377502 0.094799 4 661.317505 0.052421 2 990.593689 0.053819 1 1321.541748 0.067757 35 1652.231689 0.023604 34 1984.408813 0.003216 51 2312.181641 0.007166 33 2643.707031 0.015310 43 2951.998535 0.001952 32 2979.649902 0.010185 31 3307.048828 0.013110 42 3643.295166 0.002163 30 3972.961182 0.005187 29 4305.276367 0.006265 50 4636.549316 0.000450 28 4960.061523 0.004188 27 5305.430176 0.014895 49 5597.256348 0.000420 0 5639.836914 0.019895 26 5975.611816 0.006118 25 6312.111816 0.003871 47 6646.850098 0.001676 24 6948.726562 0.000441 23 6985.338379 0.004940 22 7277.827637 0.001387 46 7322.858398 0.002483 21 7612.644531 0.001161 20 7661.095215 0.011706 19 7998.660645 0.006593 18 8336.143555 0.002627 17 8679.729492 0.006639 16 9022.454102 0.006091 15 9274.465820 0.003707 40 10055.496094 0.000421 39 10398.327148 0.002914 45 11090.974609 0.001343 14 11440.105469 0.001174 38 12844.632812 0.001217 12 14986.285156 0.001279
0.242494 37 8 162.367477 0.007205 44 243.339569 0.001775 7 330.434875 0.083336 4 661.235779 0.051419 2 990.566345 0.051550 1 1321.452271 0.063008 35 1652.190430 0.022797 34 1985.434326 0.002422 51 2312.063477 0.007259 33 2643.531738 0.014653 43 2951.762451 0.001811 32 2979.368408 0.011184 31 3306.723389 0.011426 42 3640.757324 0.002820 30 3972.828857 0.004910 29 4304.320801 0.005997 28 4958.761230 0.004684 27 5304.945801 0.015143 0 5639.214355 0.019513 26 5974.688477 0.005460 25 6311.549316 0.003758 47 6646.356934 0.001511 23 6985.083008 0.004614 22 7277.483887 0.001254 46 7322.803223 0.002235 21 7612.452148 0.000634 20 7660.773438 0.010417 19 7998.178223 0.006028 18 8336.380859 0.003001 17 8680.032227 0.006145 16 9022.180664 0.005438 15 9273.660156 0.003332 39 10397.706055 0.002904 45 11089.770508 0.001425 14 11439.178711 0.001107 38 12844.353516 0.000671 12 14985.132812 0.001257
0.252494 35 8 162.174271 0.007200 44 242.896240 0.001625 7 330.473389 0.073241 4 661.122375 0.050581 2 990.671570 0.049340 1 1321.379761 0.058622 35 1652.109985 0.022028 34 1986.451660 0.001877 51 2312.054443 0.007317 33 2643.413574 0.013937 43 2951.526367 0.001670 32 2979.176758 0.011749 31 3306.452148 0.009885 42 3638.748535 0.003666 30 3972.632324 0.004684 29 4303.673340 0.005654 28 4957.869141 0.004682 27 5304.626465 0.015167 0 5638.927734 0.018678 26 5973.901855 0.004948 25 6311.020996 0.003663 47 6646.266602 0.001345 23 6984.775391 0.004303 22 7277.291016 0.000907 46 7322.747559 0.001951 20 7660.411621 0.009115 19 7998.036133 0.005429 18 8336.364258 0.003300 17 8680.257812 0.005541 16 9021.921875 0.004788 15 9273.319336 0.002809 39 10397.160156 0.002892 45 11088.980469 0.001466 14 11438.296875 0.001062 12 14983.958008 0.001252
0.262494 34 8 162.042343 0.006860 44 242.542892 0.001496 7 330.466125 0.064718 4 661.003967 0.049964 2 990.877136 0.047161 1 1321.337158 0.054788 35 1651.981689 0.021298 34 1986.970459 0.001624 51 2312.070068 0.007344 33 2643.320801 0.013166 43 2951.297119 0.001531 32 2979.114258 0.011856 31 3306.235352 0.008524 42 3637.934814 0.004476 30 3972.422119 0.004461 29 4303.585938 0.005149 28 4957.316406 0.004321 27 5304.407715 0.015035 0 5638.836914 0.017523 26 5973.195312 0.004588 25 6310.943359 0.003514 47 6646.559570 0.001198 23 6984.575195 0.004017 46 7322.756348 0.001660 20 7660.044922 0.007872 19 7998.109863 0.004798 18 8336.186523 0.003485 17 8680.159180 0.004880 16 9021.745117 0.004222 15 9273.608398 0.002188 39 10396.581055 0.002845 45 11088.568359 0.001452 14 11437.765625 0.001016 12 14982.900391 0.001258
0.272494 34 8 162.936722 0.005645 44 241.849045 0.001470 7 330.358307 0.057794 4 660.935059 0.049628 2 991.028320 0.045028 1 1321.332520 0.051708 35 1651.860718 0.020558 34 1986.213379 0.001739 51 2311.998535 0.007349 33 2643.215332 0.012377 43 2951.653320 0.001509 32 2978.728271 0.011463 31 3305.951172 0.007452 42 3637.610352 0.005034 30 3972.203125 0.004159 29 4304.381836 0.004510 28 4956.341309 0.003561 27 5304.158691 0.014863 0 5638.862305 0.016250 26 5972.850586 0.004351 25 6311.369141 0.003264 47 6646.854980 0.001093 23 6984.488281 0.003737 46 7323.257812 0.001464 20 7660.006836 0.006814 19 7998.139648 0.004098 18 8336.154297 0.003450 17 8679.779297 0.004278 16 9021.666016 0.003811 15 9274.848633 0.001637 39 10395.781250 0.002747 45 11088.455078 0.001376 14 11437.765625 0.000195 12 14982.412109 0.001237
0.282494 33 8 165.712967 0.004091 44 241.669144 0.001464 7 330.184723 0.051483 4 660.897339 0.049368 2 991.076904 0.042989 1 1321.338623 0.049035 35 1651.765259 0.019801 34 1984.901733 0.002066 51 2311.891113 0.007340 33 2643.130615 0.011644 43 2952.009766 0.001488 32 2978.217041 0.010705 31 3305.575928 0.006565 42 3637.451904 0.005362 30 3972.066650 0.003800 29 4305.302734 0.003977 28 4952.917480 0.002810 27 5303.878418 0.014658 0 5638.953613 0.014978 26 5972.917480 0.004163 25 6311.467773 0.003047 47 6646.925293 0.000417 23 6984.129883 0.003466 46 7323.642090 0.001354 20 7660.283691 0.005937 19 7998.162598 0.003356 18 8336.302734 0.003260 17 8679.661133 0.003738 16 9021.523438 0.003469 15 9276.682617 0.001249 39 10395.056641 0.002637 45 11088.460938 0.001273 12 14982.153320 0.001179
0.292494 32 8 170.259064 0.002656 44 242.574722 0.001441 7 329.984192 0.045511 4 660.875793 0.049105 2 991.062439 0.041082 1 1321.345215 0.046658 35 1651.686646 0.019064 34 1983.625244 0.002517 51 2311.787842 0.007308 33 2643.086670 0.010995 43 2952.366211 0.001466 32 2977.787842 0.009585 31 3305.132568 0.005802 42 3637.424316 0.005476 30 3972.104736 0.003426 29 4305.832031 0.003629 28 4950.591797 0.002388 27 5303.636230 0.014343 0 5639.044434 0.013729 26 5973.103027 0.004042 25 6311.245605 0.002907 23 6983.677246 0.003210 46 7323.456543 0.001306 20 7660.599609 0.005252 19 7998.337402 0.002625 18 8336.525391 0.002965 17 8679.909180 0.003269 16 9021.274414 0.003166 15 9277.417969 0.001069 39 10394.588867 0.002519 45 11088.468750 0.001157 12 14981.787109 0.001097
0.302494 32 8 175.629135 0.001611 44 244.047867 0.001413 7 329.782318 0.039696 4 660.860596 0.048803 2 991.026184 0.039312 1 1321.345947 0.044507 35 1651.621216 0.018385 34 1982.654541 0.003016 51 2311.716309 0.007240 33 2643.092773 0.010433 43 2952.106201 0.001414 32 2977.312012 0.008165 31 3304.632080 0.005120 42 3637.502930 0.005397 30 3972.329834 0.003085 29 4305.718262 0.003497 28 4951.415527 0.002464 27 5303.481934 0.013862 0 5639.107422 0.012504 26 5973.249023 0.003987 25 6310.837891 0.002851 23 6983.331055 0.002967 46 7322.644531 0.001298 20 7660.706055 0.004765 19 7998.785156 0.001958 18 8336.763672 0.002612 17 8680.320312 0.002894 16 9020.964844 0.002888 15 9276.928711 0.001038 39 10394.393555 0.002393 45 11088.450195 0.000843 12 14981.390625 0.000810
0.312494 30 8 180.043671 0.001073 44 244.635376 0.001429 7 329.592987 0.033924 4 660.845947 0.048471 2 991.012207 0.037663 1 1321.336792 0.042539 35 1651.568726 0.017794 34 1981.987549 0.003501 51 2311.693115 0.007118 33 2643.147705 0.009942 43 2950.145996 0.001265 32 2976.354492 0.006573 31 3304.074951 0.004490 42 3637.669678 0.005150 30 3972.678467 0.002827 29 4304.951660 0.003564 28 4956.098633 0.003072 27 5303.449219 0.013177 0 5639.150391 0.011283 26 5973.312988 0.003985 25 6310.492188 0.002862 23 6983.312988 0.002728 46 7321.503906 0.001311 20 7660.377441 0.004468 19 7999.576172 0.001413 18 8336.995117 0.002244 17 8680.413086 0.002650 16 9020.722656 0.002633 15 9276.416992 0.001009 39 10394.333008 0.002253
0.322494 30 8 176.167709 0.001286 44 244.450485 0.001512 7 329.333954 0.028039 4 660.813965 0.048209 2 991.039001 0.036090 1 1321.307983 0.040798 35 1651.537109 0.017308 34 1981.501465 0.003926 51 2311.713379 0.006915 33 2643.224121 0.009471 43 2950.145996 0.000241 32 2973.293213 0.005269 31 3303.388428 0.003964 42 3637.891357 0.004748 30 3972.787598 0.002741 29 4304.123047 0.003744 28 4961.172852 0.004437 27 5303.462891 0.012308 0 5639.551758 0.010082 26 5973.548828 0.003969 25 6310.045410 0.002895 23 6983.525879 0.002510 46 7320.785645 0.001345 20 7659.695801 0.004374 19 7999.576172 0.001308 18 8337.248047 0.001905 17 8679.586914 0.002586 16 9020.763672 0.002435 15 9274.168945 0.001185 39 10394.018555 0.002081
0.332494 29 8 172.291748 0.001499 44 244.413315 0.001549 7 328.714661 0.022042 4 660.762390 0.048059 2 991.057617 0.034574 1 1321.267212 0.039234 35 1651.513916 0.016857 34 1981.124146 0.004316 51 2311.710205 0.006666 33 2643.247314 0.008986 32 2970.963867 0.004504 31 3302.646729 0.003566 42 3638.150391 0.004290 30 3972.576904 0.002787 29 4303.650391 0.003875 28 4963.185547 0.005150 27 5303.427734 0.011391 0 5640.086914 0.009141 26 5973.704102 0.003905 25 6309.291992 0.002924 23 6983.358398 0.002344 46 7320.197754 0.001413 20 7659.080566 0.004351 19 7999.576172 0.001203 18 8337.541992 0.001601 17 8678.667969 0.002611 16 9020.608398 0.002307 15 9272.832031 0.001373 39 10393.569336 0.001903
0.342494 29 8 168.415756 0.001712 44 244.150940 0.001498 7 326.867676 0.016317 4 660.702515 0.048001 2 991.052612 0.033156 1 1321.223267 0.037805 35 1651.484009 0.016430 34 1980.871704 0.004685 51 2311.663818 0.006389 33 2643.188232 0.008494 32 2970.683350 0.004163 31 3302.031738 0.003314 42 3638.482178 0.003823 30 3972.150391 0.002930 29 4303.404297 0.003943 28 4964.817871 0.005185 27 5303.390625 0.010457 0 5640.265137 0.008626 26 5973.641602 0.003791 25 6308.612793 0.002934 23 6982.893555 0.002247 46 7319.595215 0.001506 20 7658.531250 0.004358 19 7999.576172 0.001098 18 8338.032227 0.001339 17 8677.960938 0.002672 16 9020.029297 0.002254 15 9272.048828 0.001555 39 10393.162109 0.001740
0.352494 29 8 164.808075 0.002127 44 243.278549 0.001365 7 323.910675 0.011642 4 660.645325 0.047995 2 991.024780 0.031870 1 1321.184448 0.036457 35 1651.436401 0.016032 34 1980.740234 0.005044 51 2311.582275 0.006093 33 2643.049805 0.008010 32 2972.327148 0.004325 31 3301.690186 0.003219 42 3638.888428 0.003392 30 3971.601562 0.003136 29 4303.262207 0.003960 28 4967.029785 0.004732 27 5303.400879 0.009526 0 5639.821777 0.008608 26 5973.365234 0.003630 25 6308.265625 0.002915 23 6982.327637 0.002216 46 7318.933594 0.001604 20 7658.001465 0.004379 19 7998.951172 0.001086 18 8338.436523 0.001161 17 8677.458984 0.002747 16 9019.080078 0.002267 15 9271.519531 0.001724 39 10392.886719 0.001605
0.362494 29 8 161.975647 0.003095 44 241.449203 0.001197 7 320.850403 0.009109 4 660.601990 0.047989 2 990.989197 0.030747 1 1321.158081 0.035120 35 1651.363892 0.015677 34 1980.705933 0.005398 51 2311.499023 0.005784 33 2642.865967 0.007553 32 2974.519043 0.005211 31 3301.735596 0.003283 42 3639.337646 0.003036 30 3971.021484 0.003365 29 4303.100098 0.003959 28 4969.338867 0.004176 27 5303.508301 0.008616 0 5638.697754 0.009068 26 5973.001953 0.003427 25 6308.395508 0.002854 23 6981.957031 0.002229 46 7318.254395 0.001677 20 7657.403809 0.004423 19 7996.614258 0.001333 18 8338.122070 0.001136 17 8676.892578 0.002834 16 9018.063477 0.002321 15 9270.980469 0.001884 39 10392.759766 0.001500
0.372494 29 8 161.149368 0.003706 44 241.193375 0.001070 7 321.250916 0.009143 4 660.585144 0.047897 2 990.975647 0.029806 1 1321.162476 0.033722 35 1651.286621 0.015378 34 1980.698486 0.005734 51 2311.482910 0.005449 33 2642.751709 0.007158 32 2975.392578 0.006547 31 3302.140381 0.003534 42 3639.560791 0.002827 30 3970.491699 0.003583 29 4302.846191 0.004005 28 4969.739258 0.004025 27 5303.624023 0.007813 0 5637.753906 0.009774 26 5972.620117 0.003165 25 6308.363281 0.002769 23 6981.932129 0.002240 46 7317.827148 0.001680 20 7656.800781 0.004505 19 7995.513672 0.001585 18 8337.806641 0.001111 17 8676.147461 0.002940 16 9017.569336 0.002332 15 9270.326172 0.002000 39 10392.624023 0.001414
0.382494 29 8 161.357117 0.003752 44 242.197250 0.001036 7 323.803101 0.011118 4 660.585815 0.047733 2 990.974182 0.028962 1 1321.198242 0.032342 35 1651.230103 0.015088 34 1980.671509 0.006032 51 2311.486328 0.005093 33 2642.727295 0.006808 32 2975.895508 0.007670 31 3302.611572 0.003887 42 3639.440186 0.002739 30 3970.055176 0.003789 29 4302.527832 0.004095 28 4968.683105 0.004204 27 5303.641113 0.007151 0 5637.295410 0.010320 26 5972.079590 0.002884 25 6308.173340 0.002656 23 6981.739746 0.002239 46 7317.773926 0.001642 20 7656.390137 0.004572 19 7995.057617 0.001783 18 8337.491211 0.001086 17 8675.598633 0.003036 16 9017.444336 0.002277 15 9269.672852 0.002039 39 10392.384766 0.001327
0.392494 29 8 161.811966 0.003426 44 243.584991 0.001030 7 326.194305 0.014441 4 660.595703 0.047533 2 990.970825 0.028197 1 1321.253540 0.031061 35 1651.191040 0.014795 34 1980.640747 0.006284 51 2311.475342 0.004730 33 2642.736328 0.006492 32 2976.270752 0.008463 31 3303.108643 0.004310 42 3639.071777 0.002763 30 3969.708740 0.003977 29 4302.201660 0.004203 28 4967.212402 0.004522 27 5303.611816 0.006625 0 5637.022461 0.010673 26 5971.541016 0.002624 25 6308.096191 0.002513 23 6981.399902 0.002239 46 7317.891602 0.001582 20 7656.186523 0.004588 19 7994.973145 0.001934 18 8336.522461 0.001133 17 8675.290039 0.003107 16 9017.520508 0.002181 15 9269.107422 0.001996 39 10392.066406 0.001244
0.402494 29 8 161.984711 0.002939 44 244.601410 0.000806 7 327.486755 0.018396 4 660.607178 0.047342 2 990.955017 0.027507 1 1321.309570 0.029940 35 1651.166626 0.014500 34 1980.621338 0.006488 51 2311.439941 0.004373 33 2642.729248 0.006196 32 2976.496338 0.008896 31 3303.597656 0.004778 42 3638.575195 0.002882 30 3969.441650 0.004137 29 4301.938965 0.004307 28 4966.279785 0.004758 27 5303.600586 0.006218 0 5636.771973 0.010821 26 5971.150879 0.002419 25 6308.168945 0.002355 23 6981.003906 0.002243 46 7317.997070 0.001513 20 7656.157227 0.004533 19 7995.064941 0.002047 18 8335.157227 0.001242 17 8675.193359 0.003142 16 9017.659180 0.002067 15 9268.726562 0.001872 39 10391.728516 0.001170
0.412494 28 8 161.553589 0.002517 7 327.856049 0.022131 4 660.612732 0.047216 2 990.919495 0.026896 1 1321.340698 0.029027 35 1651.155029 0.014215 34 1980.627441 0.006644 51 2311.390137 0.004037 33 2642.661377 0.005905 32 2976.339844 0.009012 31 3304.048096 0.005270 42 3638.093750 0.003074 30 3969.237549 0.004258 29 4301.822754 0.004384 28 4966.759766 0.004666 27 5303.676270 0.005898 0 5636.488281 0.010770 26 5971.039551 0.002298 25 6308.234863 0.002212 23 6980.704590 0.002250 46 7317.923828 0.001442 20 7656.225098 0.004398 19 7995.187012 0.002131 18 8334.391602 0.001335 17 8675.215820 0.003136 16 9017.736328 0.001962 15 9268.630859 0.001680 39 10391.458984 0.001111
0.422494 28 8 160.822250 0.002236 7 328.005829 0.025181 4 660.601379 0.047247 2 990.880981 0.026405 1 1321.307129 0.028377 35 1651.166016 0.013971 34 1980.643677 0.006744 51 2311.365723 0.003734 33 2642.567383 0.005600 32 2975.641113 0.008775 31 3304.346436 0.005748 42 3637.671631 0.003299 30 3969.166016 0.004326 29 4301.881836 0.004438 28 4968.072266 0.004341 27 5303.781250 0.005657 0 5636.442383 0.010417 26 5971.136719 0.002282 25 6308.022461 0.002124 23 6980.578613 0.002239 46 7317.785645 0.001366 20 7656.292969 0.004195 19 7995.142578 0.002185 18 8334.408203 0.001386 17 8675.267578 0.003059 16 9017.583984 0.001870 15 9269.011719 0.001436 39 10391.525391 0.001061
0.432494 28 8 161.727524 0.001896 7 328.126495 0.027613 4 660.569641 0.047390 2 990.868896 0.025990 1 1321.236450 0.027888 35 1651.177490 0.013763 34 1980.638794 0.006805 51 2311.403320 0.003454 33 2642.516846 0.005278 32 2974.939697 0.008239 31 3304.529053 0.006178 42 3637.277588 0.003506 30 3969.242920 0.004374 29 4301.897461 0.004506 28 4968.833008 0.004126 27 5303.764648 0.005473 0 5636.537598 0.009907 26 5971.382812 0.002297 25 6307.892090 0.002053 23 6980.482910 0.002202 46 7317.822266 0.001294 20 7656.313477 0.003968 19 7995.041992 0.002213 18 8334.698242 0.001404 17 8675.272461 0.002925 16 9017.299805 0.001769 15 9269.540039 0.001190 39 10391.541016 0.000404
0.442494 27 8 164.405640 0.001531 7 328.222992 0.029415 4 660.518311 0.047611 2 990.877380 0.025621 1 1321.149902 0.027527 35 1651.168335 0.013585 34 1980.626587 0.006837 51 2311.517822 0.003201 33 2642.489990 0.004935 32 2974.312012 0.007496 31 3304.641357 0.006554 42 3636.931152 0.003680 30 3969.390625 0.004420 29 4301.790039 0.004596 28 4968.766113 0.004047 27 5303.615234 0.005342 0 5636.612305 0.009336 26 5971.722168 0.002315 25 6307.949219 0.001984 23 6980.449219 0.002148 46 7317.941406 0.001230 20 7656.279297 0.003721 19 7994.949219 0.002207 18 8334.890625 0.001392 17 8675.210938 0.002748 16 9017.007812 0.001651 15 9269.815430 0.000626
0.452494 26 8 167.226608 0.000988 7 328.300415 0.030572 4 660.453552 0.047886 2 990.892700 0.025280 1 1321.060059 0.027272 35 1651.128296 0.013438 34 1980.622314 0.006845 51 2311.692383 0.002980 33 2642.456787 0.004570 32 2973.654297 0.006703 31 3304.705811 0.006878 42 3636.639404 0.003812 30 3969.505859 0.004473 29 4301.546387 0.004700 28 4967.983398 0.004071 27 5303.361816 0.005256 0 5636.614746 0.008756 26 5972.049316 0.002326 25 6308.142090 0.001915 23 6980.490234 0.002086 46 7318.078613 0.001175 20 7656.190918 0.003454 19 7994.870117 0.002158 18 8334.791016 0.001354 17 8675.108398 0.002550 16 9016.805664 0.001516
0.462494 25 7 328.364899 0.031073 4 660.386597 0.048197 2 990.894470 0.024966 1 1320.973145 0.027103 35 1651.056274 0.013320 34 1980.640991 0.006831 51 2311.881104 0.002795 33 2642.378662 0.004181 32 2972.728516 0.006086 31 3304.729248 0.007153 42 3636.396973 0.003899 30 3969.463135 0.004536 29 4301.210449 0.004797 28 4966.940430 0.004109 27 5303.071777 0.005204 0 5636.585938 0.008179 26 5972.220215 0.002327 25 6308.289062 0.001851 23 6980.600098 0.002024 46 7318.186035 0.001126 20 7656.060547 0.003168 19 7994.762695 0.002060 18 8334.356445 0.001294 17 8675.029297 0.002357 16 9016.776367 0.001369
0.472494 25 7 328.425293 0.030721 4 660.336670 0.048526 2 990.862488 0.024748 1 1320.889771 0.027016 35 1650.981323 0.013239 34 1980.651001 0.006780 51 2311.972900 0.002654 33 2642.227783 0.003773 32 2971.813721 0.005937 31 3304.689209 0.007369 42 3636.178467 0.003913 30 3969.173828 0.004602 29 4300.938477 0.004810 28 4966.828613 0.003903 27 5302.831543 0.005168 0 5636.825684 0.007553 26 5972.202148 0.002313 25 6308.153320 0.001802 23 6980.673828 0.001967 46 7318.137207 0.001073 20 7655.923340 0.002875 19 7994.586914 0.001910 18 8333.942383 0.001216 17 8675.100586 0.002201 16 9016.985352 0.001226
0.482494 25 7 328.469543 0.029782 4 660.302246 0.048822 2 990.802246 0.024651 1 1320.820068 0.026968 35 1650.927856 0.013166 34 1980.627319 0.006701 51 2311.965576 0.002539 33 2642.036621 0.003358 32 2971.812988 0.005983 31 3304.630371 0.007533 42 3635.990479 0.003853 30 3968.856445 0.004671 29 4300.794434 0.004709 28 4967.416992 0.003531 27 5302.606934 0.005136 0 5637.134277 0.006949 26 5972.154785 0.002283 25 6307.960938 0.001752 23 6980.601074 0.001900 46 7318.125977 0.000406 20 7655.812012 0.002602 19 7994.493164 0.001742 18 8333.850586 0.001129 17 8675.212891 0.002071 16 9017.202148 0.001110
0.492494 24 7 328.512939 0.028358 4 660.283752 0.049058 2 990.713440 0.024652 1 1320.764526 0.026915 35 1650.886963 0.013082 34 1980.598267 0.006597 51 2311.888184 0.002446 33 2641.825928 0.002938 32 2972.548096 0.006152 31 3304.570068 0.007648 42 3635.858398 0.003711 30 3968.588379 0.004739 29 4300.762207 0.004503 28 4968.066895 0.003141 27 5302.368652 0.005117 0 5637.261719 0.006437 26 5972.020996 0.002235 25 6307.733887 0.001701 23 6980.407227 0.001818 20 7655.725586 0.002357 19 7994.470215 0.001570 18 8333.852539 0.000632 17 8675.236328 0.001954 16 9017.306641 0.000616
0.502494 22 7 328.572998 0.026529 4 660.280334 0.049222 2 990.602844 0.024720 1 1320.716187 0.026808 35 1650.848999 0.012980 34 1980.581665 0.006466 51 2311.780029 0.002373 33 2641.607178 0.002513 32 2973.592285 0.006407 31 3304.509521 0.007721 42 3635.801270 0.003489 30 3968.396973 0.004799 29 4300.821289 0.004213 28 4968.319336 0.002829 27 5302.108887 0.005118 0 5637.116211 0.006048 26 5971.780762 0.002166 25 6307.402344 0.001649 23 6980.142578 0.001722 20 7655.676270 0.002141 19 7994.472656 0.001403 17 8675.104492 0.001842
0.512494 22 7 328.667938 0.024372 4 660.289124 0.049314 2 990.484009 0.024813 1 1320.661865 0.026585 35 1650.803955 0.012857 34 1980.586182 0.006301 51 2311.692383 0.002315 33 2641.382324 0.002084 32 2974.310059 0.006732 31 3304.437256 0.007766 42 3635.833984 0.003192 30 3968.269043 0.004841 29 4300.947754 0.003879 28 4967.855469 0.002651 27 5301.840820 0.005148 0 5636.736328 0.005777 26 5971.448242 0.002073 25 6306.837402 0.001598 23 6979.881836 0.001618 20 7655.687988 0.001947 19 7994.427246 0.001245 17 8674.807617 0.001731
0.522494 22 7 328.752106 0.021909 4 660.287842 0.049352 2 990.396301 0.024895 1 1320.579712 0.026150 35 1650.755493 0.012724 34 1980.562622 0.006084 51 2311.699463 0.002268 33 2640.969238 0.001658 32 2974.359619 0.006950 31 3304.346191 0.007791 42 3636.030518 0.002829 30 3968.153564 0.004841 29 4301.140137 0.003572 28 4966.846680 0.002570 27 5301.623535 0.005200 0 5636.559570 0.005549 26 5971.231445 0.001942 25 6306.291504 0.001539 23 6979.708496 0.001515 20 7655.814941 0.001768 19 7994.364746 0.001106 17 8674.512695 0.001631
0.532494 22 7 328.753265 0.019270 4 660.267822 0.049376 2 990.342224 0.024983 1 1320.490967 0.025611 35 1650.709717 0.012584 34 1980.517578 0.005844 51 2311.729736 0.002223 33 2639.839355 0.001258 32 2974.302979 0.006919 31 3304.273682 0.007793 42 3636.447754 0.002453 30 3968.024170 0.004798 29 4301.297363 0.003323 28 4966.376465 0.002423 27 5301.455078 0.005236 0 5636.607910 0.005331 26 5971.006348 0.001797 25 6306.279785 0.001456 23 6979.641113 0.001421 20 7655.964844 0.001610 19 7994.350586 0.000410 17 8674.416016 0.001549
0.542494 21 7 328.664886 0.016519 4 660.237793 0.049393 2 990.310547 0.025088 1 1320.419067 0.025054 35 1650.659668 0.012433 34 1980.486694 0.005599 51 2311.738281 0.002175 33 2639.201172 0.000622 32 2974.270264 0.006628 31 3304.236328 0.007764 42 3637.108887 0.002092 30 3967.890625 0.004708 29 4301.326172 0.003129 28 4966.662109 0.002190 27 5301.319336 0.005239 0 5636.688477 0.005159 26 5970.619629 0.001656 25 6306.499023 0.001358 23 6979.653320 0.001341 20 7656.028320 0.001485 17 8674.448242 0.001489
0.552494 20 7 328.489075 0.013710 4 660.204102 0.049405 2 990.293457 0.025212 1 1320.380493 0.024542 35 1650.602173 0.012268 34 1980.484741 0.005360 51 2311.706543 0.002125 32 2974.190430 0.006124 31 3304.237061 0.007704 42 3637.944580 0.001776 30 3967.767578 0.004565 29 4301.198242 0.002979 28 4967.520020 0.001904 27 5301.211426 0.005202 0 5636.705078 0.005053 26 5970.094238 0.001536 25 6306.689453 0.001258 23 6979.692871 0.001276 20 7655.930176 0.001394 17 8674.496094 0.001453
0.562494 20 7 328.230682 0.010902 4 660.171387 0.049405 2 990.284790 0.025347 1 1320.384766 0.024122 35 1650.537598 0.012092 34 1980.510742 0.005128 51 2311.635986 0.002071 32 2973.838135 0.005508 31 3304.267334 0.007617 42 3638.800781 0.001532 30 3967.673584 0.004368 29 4300.940918 0.002864 28 4968.427734 0.001636 27 5301.133301 0.005128 0 5636.631836 0.005020 26 5969.598145 0.001449 25 6306.625488 0.001167 23 6979.684570 0.001226 20 7655.626465 0.001335 17 8674.404297 0.001440
0.572494 20 7 327.660889 0.008233 4 660.140442 0.049374 2 990.283142 0.025469 1 1320.411621 0.023823 35 1650.484009 0.011914 34 1980.548462 0.004899 51 2311.531982 0.002009 32 2972.908936 0.004958 31 3304.311279 0.007517 42 3639.193848 0.001404 30 3967.648438 0.004111 29 4300.760742 0.002764 28 4968.334961 0.001462 27 5301.107422 0.005018 0 5636.522461 0.005047 26 5969.644531 0.001405 25 6306.530273 0.001093 23 6979.562988 0.001179 20 7655.292480 0.001299 17 8674.117188 0.001436
0.582494 20 7 326.048065 0.005857 4 660.120667 0.049320 2 990.274658 0.025588 1 1320.414551 0.023581 35 1650.450562 0.011746 34 1980.614624 0.004667 51 2311.404541 0.001938 32 2972.092285 0.004516 31 3304.371338 0.007413 42 3639.050537 0.001366 30 3967.697754 0.003821 29 4300.749023 0.002647 28 4967.563477 0.001342 27 5301.107422 0.004891 0 5636.312012 0.005104 26 5970.009277 0.001393 25 6306.553711 0.001030 23 6979.465332 0.001127 20 7655.121582 0.001283 17 8673.878906 0.001415
0.592494 20 7 323.665710 0.004068 4 660.114197 0.049251 2 990.255676 0.025727 1 1320.393921 0.023359 35 1650.438843 0.011589 34 1980.701294 0.004433 51 2311.270752 0.001858 32 2971.872070 0.004171 31 3304.449463 0.007304 42 3638.523193 0.001400 30 3967.833496 0.003512 29 4300.877441 0.002499 28 4966.959961 0.001218 27 5301.114258 0.004754 0 5636.008789 0.005178 26 5970.413574 0.001404 25 6306.581055 0.000580 23 6979.428711 0.001078 20 7655.055176 0.001284 17 8673.746094 0.001375
0.602494 20 7 321.569489 0.003008 4 660.117004 0.049170 2 990.231750 0.025904 1 1320.361328 0.023124 35 1650.447388 0.011445 34 1980.791748 0.004199 51 2311.140381 0.001773 52 2640.803223 0.001360 32 2972.290283 0.003953 31 3304.535156 0.007193 42 3637.774658 0.001488 30 3968.056152 0.003193 29 4301.112305 0.002317 28 4966.760254 0.000869 27 5301.122559 0.004608 0 5635.689941 0.005246 26 5970.705566 0.001426 23 6979.435547 0.001038 20 7655.042969 0.001296 17 8673.704102 0.001322
0.612494 19 7 321.408264 0.002693 4 660.119995 0.049078 2 990.215637 0.026128 1 1320.337280 0.022849 35 1650.471069 0.011313 34 1980.863037 0.003966 51 2311.019287 0.001688 52 2641.120361 0.001593 32 2973.041748 0.003917 31 3304.607422 0.007082 42 3636.991699 0.001606 30 3968.355225 0.002874 29 4301.409668 0.002108 27 5301.138672 0.004453 0 5635.485352 0.005277 26 5970.825195 0.001442 23 6979.428223 0.000990 20 7655.037598 0.001307 17 8673.685547 0.001267
0.622494 19 7 324.295013 0.003129 4 660.106506 0.048967 2 990.220032 0.026369 1 1320.339844 0.022515 35 1650.481689 0.011191 34 1980.943481 0.003738 51 2310.894531 0.001612 52 2641.163574 0.001781 32 2973.502441 0.004097 31 3304.621094 0.006974 42 3636.402344 0.001719 30 3968.695557 0.002562 29 4301.727051 0.001907 27 5301.184570 0.004276 0 5635.509766 0.005222 26 5970.912109 0.001428 23 6979.428223 0.000180 20 7654.973145 0.001299 17 8673.566406 0.001226
0.632494 18 7 327.062775 0.003959 4 660.084595 0.048827 2 990.217896 0.026566 1 1320.342529 0.022163 35 1650.458740 0.011075 34 1981.068237 0.003516 51 2310.734863 0.001538 52 2641.172607 0.001937 32 2973.807129 0.004276 31 3304.595703 0.006862 42 3636.025146 0.001803 30 3969.041992 0.002263 29 4301.978027 0.001746 27 5301.236328 0.004084 0 5635.520996 0.005120 26 5971.006836 0.001393 20 7654.820801 0.001286 17 8673.419922 0.001195
0.642494 18 7 328.898102 0.004869 4 660.063782 0.048651 2 990.200928 0.026711 1 1320.328735 0.021813 35 1650.416992 0.010958 34 1981.208130 0.003304 51 2310.534912 0.001463 52 2641.197266 0.002072 32 2974.142578 0.004366 31 3304.547119 0.006744 42 3635.820312 0.001853 30 3969.391357 0.001986 29 4302.087891 0.001630 27 5301.266602 0.003885 0 5635.431152 0.004985 26 5971.020020 0.001347 20 7654.566406 0.001267 17 8673.332031 0.001164
0.652494 18 7 329.774445 0.005704 4 660.049255 0.048441 2 990.171448 0.026817 1 1320.293823 0.021470 35 1650.373657 0.010835 34 1981.338745 0.003109 51 2310.306152 0.001381 52 2641.253662 0.002192 32 2974.492676 0.004334 31 3304.484131 0.006621 42 3635.745361 0.001866 30 3969.741943 0.001742 29 4302.015625 0.001552 27 5301.269531 0.003686 0 5635.245117 0.004818 26 5970.905273 0.001297 20 7654.225098 0.001240 17 8673.328125 0.001129
0.662494 18 7 330.237854 0.006414 4 660.042908 0.048210 2 990.140198 0.026909 1 1320.242798 0.021131 35 1650.348999 0.010699 34 1981.439697 0.002934 51 2310.074219 0.001291 52 2641.332031 0.002300 32 2974.688232 0.004187 31 3304.410645 0.006498 42 3635.749023 0.001841 30 3970.089844 0.001543 29 4301.754883 0.001499 27 5301.252930 0.003492 0 5635.041504 0.004610 26 5970.649902 0.001247 20 7653.839844 0.001192 17 8673.380859 0.001088
0.672494 18 7 330.470123 0.007008 4 660.041443 0.047983 2 990.121765 0.027034 1 1320.203613 0.020772 35 1650.344482 0.010547 34 1981.557739 0.002791 51 2309.887207 0.001199 52 2641.378662 0.002391 32 2974.332275 0.003957 31 3304.332275 0.006386 42 3635.800537 0.001772 30 3970.391357 0.001410 29 4301.479492 0.001450 27 5301.262695 0.003306 0 5635.019531 0.004339 26 5970.295898 0.001191 20 7653.638672 0.001118 17 8673.330078 0.001046
0.682494 18 7 330.643799 0.007574 4 660.042175 0.047758 2 990.115173 0.027183 1 1320.190552 0.020405 35 1650.331177 0.010392 34 1981.710815 0.002675 51 2309.710938 0.001118 52 2641.392090 0.002468 32 2973.682373 0.003682 31 3304.270508 0.006281 42 3635.881348 0.001674 30 3970.541748 0.001321 29 4301.429688 0.001394 27 5301.265137 0.003128 0 5635.131836 0.004042 26 5969.885254 0.001126 20 7653.581055 0.001047 17 8673.318359 0.000390
0.692494 17 7 330.742432 0.008152 4 660.043884 0.047514 2 990.117615 0.027336 1 1320.196167 0.020060 35 1650.311523 0.010236 34 1981.850098 0.002581 51 2309.553711 0.001050 52 2641.405762 0.002537 32 2973.090576 0.003380 31 3304.235596 0.006173 42 3636.024902 0.001555 30 3970.483887 0.001272 29 4301.563965 0.001336 27 5301.231934 0.002959 0 5635.300293 0.003744 26 5969.530273 0.001064 20 7653.572754 0.000583
0.702494 16 7 330.735779 0.008776 4 660.046448 0.047239 2 990.123047 0.027476 1 1320.210205 0.019763 35 1650.291626 0.010073 34 1981.930176 0.002510 51 2309.450439 0.000781 52 2641.439697 0.002602 32 2972.718018 0.003091 31 3304.231445 0.006056 42 3636.286377 0.001421 30 3970.232666 0.001261 29 4301.776855 0.001285 27 5301.177246 0.002803 0 5635.486328 0.003461 26 5969.320312 0.000791
0.712494 15 7 330.588745 0.009478 4 660.050598 0.046930 2 990.122803 0.027592 1 1320.219604 0.019535 35 1650.280396 0.009894 34 1981.909302 0.002463 52 2641.503662 0.002666 32 2972.588135 0.002874 31 3304.255371 0.005924 42 3636.735352 0.001279 30 3969.862061 0.001288 29 4301.907715 0.001248 53 4965.674805 0.001101 27 5301.145996 0.002664 0 5635.679199 0.003209
0.722494 15 7 330.334503 0.010328 4 660.058044 0.046622 2 990.100769 0.027674 1 1320.208008 0.019388 35 1650.276245 0.009692 34 1981.794312 0.002453 52 2641.570068 0.002730 32 2972.462646 0.002854 31 3304.282715 0.005772 42 3637.455566 0.001140 30 3969.531494 0.001361 29 4301.770020 0.001240 53 4966.152344 0.001124 27 5301.217285 0.002553 0 5635.895020 0.003015
0.732494 15 7 330.079865 0.011273 4 660.062561 0.046354 2 990.064087 0.027737 1 1320.186890 0.019261 35 1650.273193 0.009491 34 1981.675537 0.002475 52 2641.613770 0.002793 32 2972.474854 0.002954 31 3304.295654 0.005607 42 3637.612305 0.000415 30 3969.224609 0.001461 29 4301.511230 0.001252 53 4967.199219 0.001093 27 5301.293945 0.002468 0 5636.063477 0.002879
0.742494 14 7 329.831055 0.012256 4 660.063721 0.046128 2 990.021301 0.027778 1 1320.162720 0.019122 35 1650.279907 0.009300 34 1981.561157 0.002524 52 2641.633789 0.002856 32 2972.803711 0.003101 31 3304.306641 0.005430 30 3968.898926 0.001574 29 4301.273438 0.001279 53 4967.918945 0.001068 27 5301.323242 0.002403 0 5636.160156 0.002792
0.752494 14 7 329.591705 0.013226 4 660.063843 0.045937 2 989.981018 0.027789 1 1320.136475 0.018953 35 1650.296631 0.009119 34 1981.440796 0.002594 52 2641.636230 0.002918 32 2973.398193 0.003250 31 3304.326172 0.005240 30 3968.553955 0.001691 29 4301.149902 0.001315 53 4967.859375 0.001081 27 5301.304199 0.002347 0 5636.189453 0.002744
0.762494 14 7 329.364471 0.014134 4 660.067261 0.045768 2 989.951965 0.027760 1 1320.106567 0.018740 35 1650.317383 0.008943 34 1981.291992 0.002682 52 2641.633301 0.002979 32 2974.029541 0.003378 31 3304.360840 0.005039 30 3968.221191 0.001802 29 4301.197266 0.001354 53 4966.895508 0.001146 27 5301.270508 0.002293 0 5636.175781 0.002719
0.772494 14 7 329.175842 0.014917 4 660.069519 0.045614 2 989.941467 0.027681 1 1320.077026 0.018463 35 1650.309937 0.008760 34 1981.116089 0.002779 52 2641.655518 0.003041 32 2974.178467 0.003473 31 3304.377930 0.004835 30 3967.985840 0.001895 29 4301.302734 0.001394 53 4965.628906 0.001227 27 5301.301758 0.002228 0 5636.085938 0.002708
0.782494 14 7 329.043274 0.015580 4 660.062439 0.045471 2 989.934509 0.027592 1 1320.061890 0.018142 35 1650.282349 0.008565 34 1980.981567 0.002877 52 2641.680908 0.003104 32 2973.987793 0.003514 31 3304.356201 0.004643 30 3967.829590 0.001970 29 4301.214355 0.001438 53 4965.308105 0.001237 27 5301.359863 0.002161 0 5635.897461 0.002710
0.792494 14 7 328.948669 0.016127 4 660.051270 0.045332 2 989.928894 0.027510 1 1320.058472 0.017794 35 1650.260254 0.008359 34 1980.899170 0.002973 52 2641.680664 0.003168 32 2973.719971 0.003479 31 3304.316650 0.004463 30 3967.723145 0.002028 29 4300.920898 0.001489 53 4965.873535 0.001180 27 5301.393066 0.002095 0 5635.655762 0.002725
0.802494 14 7 328.879364 0.016552 4 660.040527 0.045190 2 989.927429 0.027440 1 1320.062744 0.017432 35 1650.258667 0.008145 34 1980.854004 0.003066 52 2641.645264 0.003231 32 2973.498291 0.003362 31 3304.278564 0.004294 30 3967.651611 0.002071 29 4300.491699 0.001543 53 4966.896484 0.001088 27 5301.373047 0.002035 0 5635.412598 0.002749
0.812494 14 7 328.824646 0.016847 4 660.033997 0.045033 2 989.935974 0.027375 1 1320.069336 0.017064 35 1650.285034 0.007932 34 1980.811157 0.003157 52 2641.580078 0.003295 32 2973.350586 0.003180 31 3304.260742 0.004132 30 3967.608398 0.002096 29 4300.066406 0.001591 53 4967.646484 0.001015 27 5301.291016 0.001983 0 5635.224609 0.002768
0.822494 14 7 328.775879 0.016946 4 660.026306 0.044853 2 989.953430 0.027295 1 1320.083008 0.016691 35 1650.319336 0.007737 34 1980.722656 0.003245 52 2641.510742 0.003356 32 2972.990234 0.003005 31 3304.260010 0.003975 30 3967.631836 0.002093 29 4299.904785 0.001606 53 4966.946777 0.001030 27 5301.189453 0.001941 0 5635.140137 0.002757
0.832494 14 7 328.728729 0.016856 4 660.017151 0.044660 2 989.964233 0.027192 1 1320.104736 0.016312 35 1650.339844 0.007555 34 1980.626709 0.003331 52 2641.445312 0.003411 32 2972.492920 0.002892 31 3304.262451 0.003820 30 3967.715820 0.002062 29 4299.968750 0.001588 53 4966.247070 0.001044 27 5301.090332 0.001911 0 5635.096680 0.002719
0.842494 14 7 328.684875 0.016589 4 660.010803 0.044460 2 989.967712 0.027068 1 1320.130249 0.015930 35 1650.343994 0.007376 34 1980.552368 0.003417 52 2641.398193 0.003460 32 2972.189941 0.002830 31 3304.266846 0.003663 30 3967.830811 0.002009 29 4300.161621 0.001549 53 4965.759277 0.001049 27 5300.988770 0.001890 0 5635.076660 0.002665
0.852494 14 7 328.650604 0.016151 4 660.008667 0.044254 2 989.964417 0.026928 1 1320.157837 0.015550 35 1650.332397 0.007196 34 1980.503052 0.003498 52 2641.383057 0.003503 32 2972.262451 0.002807 31 3304.268799 0.003501 30 3967.948730 0.001941 29 4300.405273 0.001501 53 4965.541504 0.000806 27 5300.906738 0.001878 0 5635.086914 0.002601
0.862494 13 7 328.634003 0.015552 4 660.009766 0.044037 2 989.955566 0.026780 1 1320.186401 0.015179 35 1650.308716 0.007018 34 1980.464233 0.003573 52 2641.412109 0.003538 32 2972.769531 0.002816 31 3304.263672 0.003334 30 3968.040283 0.001869 29 4300.626953 0.001458 27 5300.884277 0.001870 0 5635.150391 0.002531
0.872494 13 7 328.620331 0.014785 4 660.010315 0.043792 2 989.936157 0.026644 1 1320.213623 0.014837 35 1650.293701 0.006854 34 1980.404907 0.003639 52 2641.465332 0.003557 32 2973.269043 0.002877 31 3304.270264 0.003164 30 3968.079102 0.001810 29 4300.750488 0.001433 27 5300.999512 0.001856 0 5635.284180 0.002447
0.882494 13 7 328.583588 0.013929 4 660.011780 0.043511 2 989.915588 0.026530 1 1320.235962 0.014526 35 1650.314209 0.006696 34 1980.357666 0.003705 52 2641.496826 0.003563 32 2973.478027 0.002950 31 3304.322998 0.002997 30 3968.089844 0.001762 29 4300.773926 0.001421 27 5301.130371 0.001833 0 5635.389160 0.002350
0.892494 13 7 328.526184 0.013015 4 660.014465 0.043203 2 989.902832 0.026434 1 1320.253052 0.014231 35 1650.361328 0.006537 34 1980.338135 0.003772 52 2641.513428 0.003562 32 2973.540771 0.002994 31 3304.419189 0.002832 30 3968.102051 0.001720 29 4300.709473 0.001414 27 5301.195801 0.001803 0 5635.427246 0.002245
0.902494 13 7 328.452698 0.012053 4 660.017761 0.042886 2 989.901428 0.026348 1 1320.262817 0.013943 35 1650.419312 0.006374 34 1980.341187 0.003835 52 2641.520020 0.003560 32 2973.581055 0.002983 31 3304.539795 0.002666 30 3968.136719 0.001675 29 4300.586914 0.001403 27 5301.181641 0.001767 0 5635.418457 0.002133
0.912494 13 7 328.370819 0.011047 4 660.020447 0.042585 2 989.910889 0.026260 1 1320.262817 0.013650 35 1650.467529 0.006210 34 1980.348877 0.003884 52 2641.521729 0.003561 32 2973.702881 0.002898 31 3304.651367 0.002494 30 3968.209473 0.001623 29 4300.452637 0.001384 27 5301.116211 0.001725 0 5635.426758 0.002014
0.922494 13 7 328.300201 0.009987 4 660.021179 0.042337 2 989.922363 0.026150 1 1320.250000 0.013364 35 1650.498901 0.006054 34 1980.350586 0.003906 52 2641.492188 0.003556 32 2973.716309 0.002749 31 3304.688477 0.002316 30 3968.301514 0.001558 29 4300.405273 0.001349 27 5301.083984 0.001675 0 5635.611328 0.001885
0.932494 13 7 328.274139 0.008926 4 660.019043 0.042103 2 989.929749 0.026020 1 1320.243286 0.013097 35 1650.524414 0.005902 34 1980.368164 0.003910 52 2641.450684 0.003538 32 2973.422852 0.002592 31 3304.685059 0.002140 30 3968.369141 0.001487 29 4300.434570 0.001304 27 5301.046387 0.001619 0 5635.854980 0.001761
0.942494 13 7 328.282166 0.007893 4 660.014954 0.041844 2 989.932983 0.025886 1 1320.244873 0.012842 35 1650.538330 0.005756 34 1980.382935 0.003901 52 2641.429932 0.003509 32 2972.976074 0.002447 31 3304.711182 0.001972 30 3968.412109 0.001416 29 4300.489258 0.001251 27 5300.990723 0.001563 0 5636.008301 0.001655
0.952494 13 7 328.280609 0.006903 4 660.010254 0.041544 2 989.931702 0.025756 1 1320.246094 0.012589 35 1650.535522 0.005618 34 1980.370972 0.003884 52 2641.439453 0.003469 32 2972.579102 0.002322 31 3304.795898 0.001815 30 3968.431641 0.001347 29 4300.546387 0.001192 27 5300.941406 0.001511 0 5636.028320 0.001574
0.962494 13 7 328.202179 0.005963 4 660.006348 0.041197 2 989.925476 0.025634 1 1320.231689 0.012329 35 1650.511719 0.005494 34 1980.308350 0.003865 52 2641.471680 0.003423 32 2972.467529 0.002220 31 3304.937744 0.001669 30 3968.430664 0.001285 29 4300.603516 0.001129 27 5300.946289 0.001468 0 5635.946777 0.001521
0.972494 13 7 327.947479 0.005065 4 660.002930 0.040833 2 989.913330 0.025499 1 1320.183228 0.012065 35 1650.467285 0.005378 34 1980.227905 0.003842 52 2641.484375 0.003376 32 2972.711670 0.002160 31 3305.013428 0.001538 30 3968.401611 0.001230 29 4300.706543 0.001065 27 5301.032715 0.001431 0 5635.956543 0.001492
0.982494 13 7 327.568085 0.004212 4 660.002991 0.040478 2 989.903320 0.025331 1 1320.140259 0.011822 35 1650.428589 0.005253 34 1980.194092 0.003811 52 2641.490234 0.003330 32 2972.941895 0.002142 31 3305.016846 0.001427 30 3968.406738 0.001175 29 4300.727539 0.000384 27 5301.082520 0.001393 0 5635.984863 0.001476
0.992494 12 7 327.104187 0.003424 4 660.009338 0.040129 2 989.895996 0.025139 1 1320.116455 0.011612 35 1650.413818 0.005121 34 1980.187134 0.003771 52 2641.511719 0.003286 32 2973.127441 0.002146 31 3305.004639 0.001335 30 3968.475098 0.001118 27 5301.061523 0.001354 0 5635.911621 0.001468
1.002494 12 7 326.599976 0.002723 4 660.019592 0.039782 2 989.888794 0.024939 1 1320.109009 0.011438 35 1650.432373 0.004988 34 1980.189453 0.003724 52 2641.548096 0.003239 32 2973.307617 0.002151 31 3304.982666 0.001257 30 3968.586182 0.001063 27 5300.983398 0.001314 0 5635.729980 0.001463
1.012494 12 7 326.110657 0.002134 4 660.027527 0.039433 2 989.877625 0.024746 1 1320.104248 0.011295 35 1650.486694 0.004865 34 1980.186279 0.003674 52 2641.581055 0.003187 32 2973.558105 0.002134 31 3304.927246 0.001188 30 3968.685547 0.000979 27 5300.892578 0.001274 0 5635.512207 0.001454
1.022494 12 7 325.767731 0.001714 4 660.022034 0.039082 2 989.868469 0.024572 1 1320.085449 0.011162 35 1650.556030 0.004764 34 1980.234497 0.003623 52 2641.554932 0.003123 32 2973.804199 0.002077 31 3304.784180 0.001119 30 3968.685547 0.000166 27 5300.894531 0.001234 0 5635.472168 0.001435
1.032494 11 7 325.569366 0.001440 4 660.013123 0.038735 2 989.873169 0.024403 1 1320.072388 0.011008 35 1650.575806 0.004671 34 1980.328003 0.003566 52 2641.507080 0.003044 32 2973.802246 0.002001 31 3304.688232 0.001046 27 5300.973145 0.001195 0 5635.501953 0.001416
1.042494 11 7 325.603882 0.001287 4 660.006348 0.038405 2 989.885681 0.024229 1 1320.066162 0.010827 35 1650.542358 0.004579 34 1980.389282 0.003503 52 2641.493164 0.002954 32 2973.573486 0.001918 31 3304.650391 0.000570 27 5301.041504 0.001153 0 5635.479004 0.001402
1.052494 10 7 325.917297 0.001230 4 660.002930 0.038107 2 989.898987 0.024049 1 1320.061523 0.010619 35 1650.479492 0.004484 34 1980.373779 0.003430 52 2641.530273 0.002859 32 2973.235107 0.001837 27 5301.043457 0.001108 0 5635.376953 0.001391
1.062494 10 7 326.509186 0.001234 4 660.001465 0.037851 2 989.905334 0.023861 1 1320.050049 0.010389 35 1650.429810 0.004383 34 1980.263672 0.003349 52 2641.608643 0.002770 32 2972.970459 0.001761 27 5300.946289 0.001061 0 5635.232422 0.001381
1.072494 10 7 327.164246 0.001257 4 660.005676 0.037628 2 989.903809 0.023673 1 1320.030151 0.010147 35 1650.445923 0.004283 34 1980.160278 0.003259 52 2641.639404 0.002701 32 2972.959961 0.001699 27 5300.862305 0.001017 0 5635.181152 0.001361
1.082494 10 7 327.709229 0.001269 4 660.015747 0.037386 2 989.898254 0.023490 1 1320.024536 0.009900 35 1650.488647 0.004192 34 1980.162231 0.003165 52 2641.608887 0.002641 32 2972.996826 0.001657 27 5300.845215 0.000364 0 5635.181641 0.001332
1.092494 9 7 328.245209 0.001286 4 660.022339 0.037111 2 989.890930 0.023306 1 1320.042358 0.009653 35 1650.537842 0.004108 34 1980.232422 0.003071 52 2641.569580 0.002577 32 2973.023438 0.001633 0 5635.192383 0.001298
1.102494 9 7 328.789673 0.001321 4 660.020325 0.036802 2 989.885437 0.023117 1 1320.078613 0.009407 35 1650.580200 0.004029 34 1980.324463 0.002979 52 2641.552002 0.002504 32 2973.069580 0.001624 0 5635.216309 0.001257
1.112494 9 7 329.306641 0.001389 4 660.007568 0.036466 2 989.886414 0.022916 1 1320.117920 0.009169 35 1650.604980 0.003954 34 1980.383545 0.002890 52 2641.571289 0.002419 32 2973.213623 0.001620 0 5635.277832 0.001206
1.122494 9 7 329.613373 0.001494 4 659.998657 0.036109 2 989.896606 0.022699 1 1320.110229 0.008939 35 1650.599487 0.003887 34 1980.382324 0.002804 52 2641.588867 0.002323 32 2973.500488 0.001616 0 5635.370605 0.001140
1.132494 9 7 329.688232 0.001613 4 660.001404 0.035742 2 989.903320 0.022475 1 1320.064087 0.008712 35 1650.572754 0.003828 34 1980.366943 0.002719 52 2641.585449 0.002220 32 2973.692139 0.001612 0 5635.384277 0.001073
1.142494 9 7 329.607880 0.001731 4 660.009338 0.035382 2 989.901123 0.022250 1 1320.021606 0.008487 35 1650.532837 0.003775 34 1980.348389 0.002628 52 2641.580811 0.002113 32 2973.705566 0.001606 0 5635.381348 0.000583
1.152494 8 7 329.418396 0.001843 4 660.018311 0.035044 2 989.889893 0.022028 1 1320.011108 0.008266 35 1650.493774 0.003723 34 1980.336304 0.002530 52 2641.580322 0.002005 32 2973.548584 0.001593
1.162494 8 7 329.166473 0.001944 4 660.024902 0.034740 2 989.873718 0.021810 1 1320.049927 0.008054 35 1650.473633 0.003670 34 1980.341309 0.002421 52 2641.580078 0.001899 32 2973.291260 0.001564
1.172494 8 7 329.032349 0.002033 4 660.027649 0.034482 2 989.871704 0.021598 1 1320.108887 0.007858 35 1650.499878 0.003618 34 1980.397949 0.002305 52 2641.554688 0.001802 32 2973.101562 0.001512
1.182494 8 7 328.912689 0.002134 4 660.028564 0.034233 2 989.890869 0.021389 1 1320.126587 0.007677 35 1650.511963 0.003568 34 1980.473999 0.002192 52 2641.537842 0.001709 32 2972.991699 0.001456
1.192494 8 7 328.726471 0.002248 4 660.031921 0.033973 2 989.921936 0.021179 1 1320.110718 0.007508 35 1650.487305 0.003521 34 1980.533203 0.002082 52 2641.560547 0.001618 32 2972.906982 0.001411
1.202494 8 7 328.484131 0.002366 4 660.038879 0.033687 2 989.954895 0.020960 1 1320.080933 0.007354 35 1650.436523 0.003476 34 1980.576172 0.001975 52 2641.615723 0.001526 32 2972.837402 0.001383
1.212494 8 7 328.253235 0.002474 4 660.048096 0.033370 2 989.978577 0.020721 1 1320.064941 0.007213 35 1650.390381 0.003433 34 1980.624512 0.001871 52 2641.671387 0.001437 32 2972.801025 0.001374
1.222494 8 7 328.201294 0.002536 4 660.047668 0.033037 2 989.977173 0.020445 1 1320.080200 0.007085 35 1650.390503 0.003395 34 1980.732422 0.001771 52 2641.650146 0.001351 32 2972.920410 0.001376
1.232494 8 7 328.118530 0.002566 4 660.039368 0.032722 2 989.960754 0.020146 1 1320.109253 0.006957 35 1650.394653 0.003358 34 1980.835083 0.001675 52 2641.610352 0.001266 32 2973.131836 0.001381
1.242494 8 7 327.907166 0.002587 4 660.032227 0.032420 2 989.948242 0.019841 1 1320.146973 0.006825 35 1650.395264 0.003317 34 1980.884521 0.001587 52 2641.625244 0.001182 32 2973.307617 0.001390
1.252494 8 7 327.604797 0.002609 4 660.030762 0.032116 2 989.950317 0.019543 1 1320.187866 0.006687 35 1650.402832 0.003271 34 1980.882812 0.001505 52 2641.694092 0.001100 32 2973.383789 0.001397
1.262494 8 7 327.332611 0.002643 4 660.036438 0.031790 2 989.971619 0.019266 1 1320.225586 0.006542 35 1650.435303 0.003225 34 1980.864746 0.001431 52 2641.774170 0.000979 32 2973.336426 0.001398
1.272494 8 7 327.338043 0.002687 4 660.038635 0.031434 2 989.993164 0.019029 1 1320.244263 0.006378 35 1650.489624 0.003187 34 1980.921875 0.001368 52 2641.774170 0.000158 32 2973.260254 0.001374
1.282494 7 7 327.492981 0.002722 4 660.032104 0.031082 2 989.993164 0.018822 1 1320.232300 0.006193 35 1650.505493 0.003153 34 1981.014648 0.001313 32 2973.214600 0.001328
1.292494 7 7 327.643127 0.002745 4 660.027527 0.030741 2 989.977478 0.018632 1 1320.190796 0.005997 35 1650.469604 0.003120 34 1981.086426 0.001260 32 2973.135498 0.001269
1.302494 7 7 327.706055 0.002753 4 660.033020 0.030405 2 989.954102 0.018452 1 1320.131104 0.005802 35 1650.388062 0.003087 34 1981.131226 0.001206 32 2972.999756 0.001209
1.312494 7 7 327.639282 0.002750 4 660.053223 0.030065 2 989.933105 0.018272 1 1320.072632 0.005623 35 1650.282104 0.003059 34 1981.172729 0.001148 32 2972.815186 0.001157
1.322494 7 7 327.474884 0.002751 4 660.068665 0.029726 2 989.926208 0.018084 1 1320.060059 0.005474 35 1650.208130 0.003044 34 1981.294312 0.001090 32 2972.746826 0.001121
1.332494 7 7 327.337067 0.002765 4 660.051941 0.029420 2 989.925781 0.017892 1 1320.071411 0.005333 35 1650.229980 0.003033 34 1981.423340 0.001041 32 2972.846924 0.001097
1.342494 7 7 327.275116 0.002794 4 660.013855 0.029149 2 989.920349 0.017695 1 1320.072144 0.005184 35 1650.320190 0.003019 34 1981.480835 0.000562 32 2973.001221 0.001082
1.352494 6 7 327.285828 0.002838 4 659.969971 0.028901 2 989.905518 0.017495 1 1320.053223 0.005024 35 1650.415527 0.003001 32 2973.148193 0.001074
1.362494 6 7 327.335510 0.002894 4 659.939087 0.028655 2 989.881592 0.017291 1 1320.021606 0.004853 35 1650.433105 0.002978 32 2973.254883 0.001068
1.372494 6 7 327.369293 0.002950 4 659.933777 0.028370 2 989.865356 0.017080 1 1320.015991 0.004686 35 1650.304443 0.002959 32 2973.377686 0.001058
1.382494 6 7 327.495636 0.002989 4 659.939453 0.028049 2 989.860901 0.016856 1 1320.028198 0.004535 35 1650.181274 0.002943 32 2973.495117 0.001038
1.392494 6 7 327.752655 0.003013 4 659.950806 0.027713 2 989.855774 0.016610 1 1320.032349 0.004406 35 1650.129272 0.002922 32 2973.545898 0.000566
1.402494 5 7 328.080383 0.003028 4 659.963440 0.027375 2 989.845459 0.016341 1 1320.024170 0.004306 35 1650.152954 0.002895
1.412494 5 7 328.363770 0.003045 4 659.972595 0.027045 2 989.831421 0.016051 1 1320.012329 0.004237 35 1650.223389 0.002859
1.422494 5 7 328.453949 0.003067 4 659.968262 0.026731 2 989.841125 0.015765 1 1320.045776 0.004204 35 1650.294800 0.002819
1.432494 5 7 328.464203 0.003086 4 659.966553 0.026429 2 989.881409 0.015504 1 1320.113770 0.004175 35 1650.352173 0.002784
1.442494 5 7 328.450745 0.003091 4 659.980713 0.026128 2 989.931458 0.015258 1 1320.159180 0.004127 35 1650.379150 0.002754
1.452494 5 7 328.425537 0.003076 4 660.011169 0.025824 2 989.974426 0.015015 1 1320.151367 0.004050 35 1650.368652 0.002726
1.462494 5 7 328.389008 0.003036 4 660.050110 0.025521 2 989.995483 0.014762 1 1320.079834 0.003943 35 1650.321045 0.002692
1.472494 5 7 328.425690 0.002953 4 660.071411 0.025249 2 989.992920 0.014490 1 1320.017944 0.003821 35 1650.262451 0.002643
1.482494 5 7 328.609802 0.002834 4 660.058838 0.025030 2 989.982666 0.014211 1 1320.030640 0.003709 35 1650.237061 0.002585
1.492494 5 7 328.880493 0.002701 4 660.019470 0.024842 2 989.965942 0.013935 1 1320.062012 0.003605 35 1650.240845 0.002530
1.502494 6 7 329.166718 0.002572 4 659.970337 0.024658 2 989.940735 0.013665 1 1320.070068 0.003503 35 1650.256348 0.002486 54 1980.963501 0.001023
1.512494 6 7 329.384155 0.002463 4 659.935059 0.024451 2 989.904846 0.013403 1 1320.025269 0.003396 35 1650.259033 0.002455 54 1980.884033 0.001048
1.522494 6 7 329.404327 0.002376 4 659.943665 0.024200 2 989.868713 0.013156 1 1319.992065 0.003275 35 1650.231201 0.002431 54 1980.748535 0.001069
1.532494 6 7 329.362915 0.002282 4 659.969055 0.023936 2 989.862000 0.012932 1 1320.019409 0.003147 35 1650.208984 0.002397 54 1980.644775 0.001089
1.542494 6 7 329.389648 0.002181 4 659.992981 0.023680 2 989.877258 0.012729 1 1320.043457 0.003022 35 1650.213867 0.002353 54 1980.593018 0.001112
1.552494 6 7 329.503510 0.002084 4 660.010376 0.023443 2 989.892639 0.012540 1 1320.031128 0.002904 35 1650.244995 0.002302 54 1980.582764 0.001139
1.562494 6 7 329.653259 0.002004 4 660.021118 0.023227 2 989.879761 0.012354 1 1319.971191 0.002791 35 1650.287720 0.002252 54 1980.583740 0.001167
1.572494 6 7 329.568665 0.001958 4 660.018921 0.023020 2 989.821228 0.012157 1 1319.956543 0.002668 35 1650.292725 0.002212 54 1980.517944 0.001184
1.582494 6 7 329.249512 0.001911 4 659.996521 0.022804 2 989.779480 0.011960 1 1320.013550 0.002525 35 1650.264648 0.002179 54 1980.434204 0.001186
1.592494 6 7 328.912994 0.001851 4 659.961975 0.022578 2 989.771118 0.011766 1 1320.050049 0.002372 35 1650.244019 0.002150 54 1980.396484 0.001182
1.602494 6 7 328.721069 0.001774 4 659.926758 0.022349 2 989.788818 0.011579 1 1320.017822 0.002221 35 1650.241455 0.002119 54 1980.412109 0.001177
1.612494 6 7 328.795654 0.001687 4 659.905579 0.022126 2 989.813049 0.011396 1 1319.898193 0.002080 35 1650.252441 0.002084 54 1980.458618 0.001174
1.622494 6 7 329.066742 0.001606 4 659.923645 0.021917 2 989.818848 0.011220 1 1319.782593 0.001958 35 1650.239990 0.002037 54 1980.478027 0.001174
1.632494 6 7 329.116364 0.001530 4 659.963684 0.021703 2 989.808289 0.011044 1 1319.741821 0.001851 35 1650.197998 0.001983 54 1980.475708 0.001167
1.642494 6 7 328.860535 0.001453 4 659.995483 0.021480 2 989.788269 0.010861 1 1319.721802 0.001762 35 1650.160645 0.001926 54 1980.458374 0.001155
1.652494 6 7 328.406708 0.001370 4 660.005249 0.021256 2 989.772400 0.010667 1 1319.711182 0.001690 35 1650.155884 0.001867 54 1980.430786 0.001140
1.662494 6 7 327.974457 0.001273 4 659.988403 0.021046 2 989.777405 0.010462 1 1319.719727 0.001631 35 1650.204468 0.001810 54 1980.401489 0.001125
1.672494 6 7 327.975525 0.001137 4 659.961975 0.020869 2 989.823425 0.010250 1 1319.817139 0.001573 35 1650.282104 0.001761 54 1980.413818 0.001114
1.682494 6 7 327.975708 0.000378 4 659.947083 0.020700 2 989.864929 0.010043 1 1319.880737 0.001503 35 1650.297485 0.001722 54 1980.438965 0.001101
1.692494 5 4 659.942749 0.020513 2 989.872559 0.009842 1 1319.840820 0.001426 35 1650.272583 0.001693 54 1980.442139 0.001085
1.702494 5 4 659.945068 0.020300 2 989.847534 0.009650 1 1319.713867 0.001343 35 1650.244385 0.001672 54 1980.422607 0.001064
1.712494 5 4 659.948547 0.020061 2 989.807312 0.009466 1 1319.561279 0.001261 35 1650.251587 0.001653 54 1980.396118 0.001041
1.722494 5 4 659.949951 0.019824 2 989.796021 0.009289 1 1319.494141 0.001184 35 1650.270996 0.001628 54 1980.393799 0.001023
1.732494 5 4 659.956970 0.019616 2 989.817444 0.009118 1 1319.507446 0.001110 35 1650.203979 0.001588 54 1980.400269 0.001013
1.742494 5 4 659.973083 0.019443 2 989.851990 0.008946 1 1319.520142 0.000580 35 1650.094727 0.001537 54 1980.403809 0.000543
1.752494 3 4 659.997009 0.019302 2 989.886780 0.008771 35 1650.011230 0.001480
1.762494 3 4 660.024597 0.019192 2 989.910950 0.008590 35 1650.027710 0.001422
1.772494 3 4 660.045715 0.019097 2 989.915527 0.008412 35 1650.182251 0.001370
1.782494 3 4 660.047729 0.018975 2 989.906982 0.008253 35 1650.344849 0.001323
1.792494 3 4 660.028137 0.018817 2 989.892517 0.008110 35 1650.458618 0.001277
1.802494 3 4 659.992554 0.018627 2 989.878540 0.007978 35 1650.504395 0.001235
1.812494 3 4 659.952148 0.018419 2 989.871155 0.007847 35 1650.481079 0.001195
1.822494 3 4 659.928711 0.018222 2 989.876282 0.007707 35 1650.402588 0.001160
1.832494 3 4 659.922546 0.018050 2 989.884460 0.007561 35 1650.325806 0.001125
1.842494 4 55 327.966431 0.001082 4 659.923157 0.017894 2 989.892761 0.007411 35 1650.281128 0.001087
1.852494 4 55 328.583832 0.001129 4 659.930115 0.017746 2 989.902100 0.007254 35 1650.287109 0.001045
1.862494 4 55 329.010803 0.001158 4 659.946594 0.017596 2 989.914124 0.007086 35 1650.343994 0.000936
1.872494 4 55 328.949280 0.001150 4 659.983093 0.017441 2 989.926819 0.006911 35 1650.343994 0.000133
1.882494 3 55 328.483826 0.001127 4 660.020020 0.017305 2 989.932251 0.006751
1.892494 3 55 328.230988 0.001117 4 660.044861 0.017196 2 989.931580 0.006615
1.902494 3 55 328.399567 0.001134 4 660.057434 0.017107 2 989.926025 0.006499
1.912494 3 55 328.950745 0.001181 4 660.062439 0.017023 2 989.918518 0.006395
1.922494 3 55 329.071014 0.001231 4 660.065430 0.016921 2 989.922058 0.006286
1.932494 3 55 328.563751 0.001242 4 660.068176 0.016808 2 989.970520 0.006170
1.942494 3 55 328.119507 0.001220 4 660.074158 0.016707 2 990.057068 0.006054
1.952494 3 55 327.959595 0.001177 4 660.081421 0.016625 2 990.140808 0.005939
1.962494 3 55 328.106873 0.001128 4 660.085327 0.016565 2 990.166504 0.005826
1.972494 3 55 328.310333 0.001097 4 660.077209 0.016502 2 990.069031 0.005709
1.982494 3 55 328.680481 0.001086 4 660.087891 0.016403 2 989.988098 0.005590
1.992494 3 55 329.194611 0.001091 4 660.131714 0.016277 2 989.996033 0.005471
2.002494 3 55 329.673126 0.001106 4 660.194824 0.016139 2 990.070557 0.005351
2.012494 3 55 329.889374 0.001124 4 660.250549 0.016002 2 990.149475 0.005226
2.022494 3 55 329.684418 0.001132 4 660.253784 0.015866 2 990.137207 0.005091
2.032494 3 55 329.331940 0.001123 4 660.225403 0.015713 2 990.107117 0.004954
2.042494 3 55 329.075226 0.001106 4 660.188354 0.015552 2 990.108826 0.004828
2.052494 3 55 329.021393 0.001090 4 660.150452 0.015398 2 990.147766 0.004714
2.062494 3 55 329.197449 0.001085 4 660.117676 0.015263 2 990.214294 0.004611
2.072494 3 55 329.412323 0.001103 4 660.111877 0.015149 2 990.308533 0.004502
2.082494 3 55 329.397339 0.001135 4 660.148254 0.015037 2 990.416016 0.004377
2.092494 3 55 329.208679 0.001170 4 660.198547 0.014919 2 990.475037 0.004244
2.102494 3 55 328.935699 0.001198 4 660.238708 0.014795 2 990.453125 0.004108
2.112494 3 55 328.684906 0.001209 4 660.248840 0.014667 2 990.344299 0.003978
2.122494 3 55 328.550934 0.001188 4 660.231201 0.014539 2 990.240784 0.003860
2.132494 3 55 328.605927 0.001155 4 660.232178 0.014413 2 990.239197 0.003750
2.142494 3 55 328.866913 0.001119 4 660.255493 0.014287 2 990.273987 0.003642
2.152494 3 55 329.325073 0.001083 4 660.288696 0.014159 2 990.301331 0.003537
2.162494 3 55 329.876190 0.000965 4 660.313904 0.014030 2 990.291748 0.003434
2.172494 3 55 329.876190 0.000127 4 660.314209 0.013907 2 990.280273 0.003337
2.182494 2 4 660.301880 0.013802 2 990.293396 0.003247
2.192494 2 4 660.287537 0.013707 2 990.309265 0.003159
2.202494 2 4 660.279236 0.013616 2 990.324951 0.003071
2.212494 2 4 660.283997 0.013520 2 990.345581 0.002978
2.222494 2 4 660.307495 0.013409 2 990.394165 0.002878
2.232494 2 4 660.333191 0.013285 2 990.453674 0.002780
2.242494 2 4 660.353027 0.013152 2 990.508789 0.002688
2.252494 2 4 660.365784 0.013019 2 990.552673 0.002605
2.262494 2 4 660.373230 0.012895 2 990.578613 0.002533
2.272494 2 4 660.381348 0.012802 2 990.561584 0.002465
2.282494 2 4 660.401123 0.012739 2 990.523193 0.002389
2.292494 2 4 660.430969 0.012678 2 990.533813 0.002303
2.302494 2 4 660.462585 0.012529 2 990.597046 0.002197
2.312494 2 4 660.482666 0.012144 2 990.683411 0.002058
2.322494 2 4 660.459167 0.011050 2 990.685059 0.001841
2.332494 2 4 660.470886 0.008969 2 990.681641 0.001532
2.342494 2 4 660.889526 0.006372 2 990.679932 0.000724
2.352494 1 4 661.888916 0.003775
2.362494 1 4 663.298035 0.001666
2.372494 1 4 663.298035 0.000208
